1
8480
17 3814 7759 6664 3568 3099 7905 7015 1356 5191 1369 4605 2067 1661 8887 2227 1123 4133 6456 608 9246 794 109 6215 7897 3387 2869 7424 1569 6377 4294 9464 5246 3838 97 1536 7226 3409 528 9951 1364 7542 8597 671 861 2880 7294 1704 395 1824 474 4479 8383
429 167 124 269 600 784 179 199 922 947 636 306 291 544 907 230 175 664 758 373 506 973 312 270 154 882 589 668 492 97 376 182 18 521 611 702 578 846 947 631 391 81 549 922 654 233 337 248 370 327 546 826 327
6 540 873 776 681 950 715 852 599 321 162 485 153 663 45 670 168 418 547 991 133 60 575 322 736 438 26 385 229 906 690 383 459 823 309 42 305 860 468 603 435 990 996 117 712 111 730 774 624 633 959 134 37
340 481 784 97 307 982 947 310 466 411 195 210 504 55 976 88 917 321 492 27 625 666 878 902 706 275 38 832 180 544 447 846 678 209 833 585 332 933 786 362 570 793 392 619 157 519 329 272 109 964 631 750 964
89 468 864 58 974 776 158 675 910 21 462 24 99 370 211 128 628 308 288 891 408 647 794 172 510 536 477 81 650 442 991 293 849 530 530 701 678 77 717 752 863 423 432 717 55 872 1 392 483 657 375 288 392
734 324 431 561 765 382 130 196 717 882 662 988 971 273 554 70 139 575 807 135 895 622 749 278 650 669 50 905 445 756 12 444 800 550 841 346 862 837 211 189 292 305 669 951 318 521 196 338 261 76 257 602 415
338 771 798 592 732 316 640 967 209 703 32 769 819 594 995 939 278 138 308 371 95 406 111 158 610 595 291 788 577 337 388 436 678 823 413 692 929 427 957 248 367 920 249 935 435 173 41 255 788 177 532 734 628
990 43 696 461 639 242 697 856 982 228 83 912 334 753 780 214 907 465 260 973 350 160 429 241 289 480 338 295 189 872 469 230 824 248 666 908 812 805 277 762 205 318 222 159 392 743 997 556 38 767 444 884 336
452 697 770 468 971 123 849 749 903 300 509 70 365 746 364 48 947 389 570 48 47 660 394 737 871 587 933 863 127 448 340 609 319 548 832 731 841 816 607 498 765 257 552 443 24 555 363 673 880 265 360 778 944
201 965 501 927 900 541 974 746 658 431 86 782 103 983 387 347 768 111 796 159 213 400 415 256 185 816 137 171 709 901 214 260 803 337 207 732 63 59 988 219 869 890 16 690 588 996 33 473 860 282 857 823 877
901 953 759 197 747 810 156 572 972 466 916 951 357 562 202 105 180 13 610 144 33 628 130 802 658 494 810 859 360 86 791 534 589 837 688 361 299 188 1 866 99 398 966 277 985 869 20 362 342 715 909 697 827
480 817 116 974 677 672 59 495 481 926 308 276 612 341 389 727 955 169 120 560 370 722 416 28 352 966 745 201 776 507 265 819 51 229 540 222 718 571 169 686 492 389 692 994 576 736 727 666 650 423 232 111 89
366 210 415 421 319 269 690 376 258 741 465 742 411 124 640 775 892 900 313 692 378 958 47 317 560 766 867 473 823 938 256 697 542 177 714 815 719 523 696 246 682 11 809 813 705 497 1000 824 742 901 607 781 179
10 433 710 900 365 930 807 993 812 717 680 295 101 609 724 575 937 115 141 228 176 274 975 16 651 30 70 161 501 912 910 589 804 951 859 571 860 569 629 121 740 494 17 866 179 105 463 860 776 595 309 15 7
397 268 287 422 944 7 327 560 480 89 19 921 827 949 256 523 410 839 694 446 67 452 690 344 381 4 106 414 527 814 621 812 832 186 549 688 226 414 142 84 624 721 864 992 90 660 898 572 134 256 232 288 137
273 341 0 467 975 887 1 521 213 757 511 343 346 604 698 113 565 174 818 560 656 133 12 727 164 41 753 594 562 350 139 945 531 384 966 976 124 598 590 937 91 865 824 814 284 83 538 527 20 659 239 358 342
611 27 732 718 962 698 493 620 429 771 418 565 253 322 696 127 935 273 141 579 520 881 772 664 385 869 197 896 24 241 467 881 378 448 318 804 331 37 859 157 680 1000 28 203 846 95 472 45 894 514 989 306 25
549 328 540 534 928 542 533 371 718 185 297 608 526 714 457 285 610 417 85 347 744 934 568 722 989 321 333 768 823 77 657 83 373 709 151 524 318 520 562 989 237 455 3 244 555 890 472 360 460 424 174 770 764
835 327 642 232 849 363 415 340 224 363 63 899 786 597 977 690 43 165 573 107 807 69 527 730 37 668 24 841 838 384 789 129 915 384 766 944 506 636 255 253 260 593 796 348 545 162 750 60 771 492 543 843 146
689 57 290 360 883 205 738 407 531 339 541 309 189 977 770 922 570 7 853 760 330 513 682 558 993 326 758 374 32 455 161 498 712 675 48 72 980 233 818 55 884 126 483 431 954 33 503 779 712 425 533 783 846
171 799 775 154 425 743 272 983 62 728 528 646 309 450 812 375 102 218 25 305 211 70 439 176 684 205 669 262 355 470 135 906 600 72 56 104 393 493 837 349 47 204 226 915 193 724 289 448 536 281 472 581 160
729 242 850 545 878 36 76 412 1000 106 827 89 348 320 954 811 381 716 433 24 195 223 805 856 729 165 661 657 352 396 149 104 722 434 46 228 463 702 667 40 976 732 156 595 410 124 469 356 828 776 759 274 250
532 259 390 635 586 969 252 925 651 842 264 155 417 541 950 379 809 670 716 886 58 257 533 253 409 545 268 622 158 405 274 387 750 140 187 450 443 348 309 226 736 878 370 972 545 187 917 512 203 379 481 524 88
252 723 340 967 730 291 860 961 475 696 361 854 435 673 24 169 66 8 486 998 664 975 688 451 335 737 956 258 742 470 528 99 286 913 874 700 226 528 744 555 829 84 870 200 51 365 44 359 411 931 819 162 938
198 190 718 885 214 10 784 627 790 635 587 261 783 201 896 159 849 787 532 348 974 817 260 25 82 773 409 165 856 131 73 149 458 145 678 703 84 449 914 499 173 160 58 633 946 202 952 249 217 132 228 735 34
48 356 779 410 573 201 663 492 215 158 613 941 853 204 999 220 721 157 6 386 255 503 882 207 168 117 400 368 440 731 387 664 677 925 188 293 386 570 527 952 392 18 295 456 187 594 214 218 276 407 454 490 384
659 712 777 862 289 172 331 800 605 788 131 226 311 988 915 992 890 609 69 130 840 85 317 596 685 78 608 774 403 9 850 377 746 651 323 785 210 989 499 284 431 176 430 694 918 37 80 8 491 311 819 168 661
732 137 367 532 76 317 546 533 20 655 905 731 244 654 111 3 455 498 395 271 815 221 810 318 650 101 363 978 61 633 651 426 905 885 894 940 984 475 930 766 231 131 947 63 533 564 491 379 568 52 149 404 724
94 985 676 997 117 618 173 308 613 728 403 928 35 875 458 861 135 939 454 507 66 322 469 111 458 308 956 451 447 933 653 214 44 100 264 904 565 380 649 260 789 490 768 517 628 853 385 1000 23 320 61 635 547
219 364 331 728 360 201 146 738 234 525 615 54 508 740 384 445 359 987 412 388 235 545 514 791 735 236 508 57 32 433 58 223 871 968 566 435 445 169 353 807 324 72 283 978 504 873 781 794 103 456 283 773 999
613 208 897 477 803 516 823 972 266 81 45 878 925 213 41 304 353 896 836 370 299 594 867 118 812 888 472 739 401 415 769 224 490 488 409 136 96 384 365 509 635 456 525 151 420 225 202 147 302 517 305 586 486
686 968 323 293 888 645 227 585 106 396 362 813 424 618 610 873 23 604 750 463 797 944 443 124 779 37 395 943 823 525 21 866 510 459 300 698 91 505 371 50 209 74 64 802 215 321 633 372 899 182 477 321 640
206 605 186 340 537 671 582 133 837 834 686 248 920 965 518 994 78 811 322 70 894 194 587 450 407 518 847 440 408 681 629 644 456 332 240 930 414 809 645 836 882 18 202 372 124 174 834 949 952 764 406 588 932
818 147 165 800 149 294 156 789 352 920 124 665 361 196 794 788 376 667 294 866 614 892 371 781 995 901 969 217 550 588 153 872 211 314 996 719 781 668 522 966 158 109 318 369 65 182 1000 235 619 302 207 556 560
711 763 789 697 291 248 589 797 102 444 391 120 563 231 217 977 197 94 572 978 696 586 667 389 809 838 469 253 316 457 284 573 161 350 190 554 962 846 285 503 464 430 301 498 216 82 641 402 857 659 110 418 353
946 426 325 962 156 931 735 856 315 888 477 900 430 747 251 979 472 353 977 875 570 346 239 714 884 374 300 575 552 549 299 811 69 79 762 483 825 460 929 920 710 824 462 922 850 626 946 56 231 139 629 341 877
994 505 141 892 892 487 825 606 781 116 707 755 150 633 223 734 831 967 148 696 791 499 643 484 924 530 228 410 22 182 827 122 849 604 166 752 173 148 27 468 370 631 530 721 933 976 518 270 8 658 503 512 109
928 758 432 933 841 439 894 740 725 302 101 713 581 839 502 293 41 621 281 810 17 147 75 284 404 978 902 631 18 856 257 76 927 445 142 878 918 215 15 269 657 960 365 54 217 322 835 357 237 521 945 789 184
278 584 94 369 904 58 996 537 928 953 874 249 627 25 118 276 731 970 945 748 266 549 271 707 896 832 565 907 393 912 664 986 756 401 615 161 135 725 866 435 820 272 925 488 447 781 270 635 744 872 134 545 643
987 223 980 217 232 357 328 652 657 456 7 57 336 331 912 468 174 668 85 217 754 744 74 57 397 292 923 922 962 242 494 521 828 905 438 59 429 795 86 191 415 913 47 511 325 356 322 973 905 496 391 982 118
145 750 625 883 396 271 516 401 763 88 347 982 38 689 47 943 444 874 653 443 389 842 293 490 39 202 673 236 641 665 29 477 978 153 532 741 932 818 161 742 225 923 517 646 218 19 182 211 701 689 162 549 759
598 228 77 825 670 869 242 322 960 920 332 653 441 647 293 445 844 338 188 724 166 441 776 761 980 583 331 257 901 857 772 238 734 251 989 190 212 80 760 427 531 592 843 410 134 846 354 147 633 910 76 383 93
540 613 653 535 746 522 370 452 355 701 770 871 150 252 706 624 101 909 39 316 839 557 523 863 490 760 446 676 382 922 426 287 926 895 811 385 756 396 330 596 759 951 492 367 356 346 711 542 416 363 908 779 563
678 565 296 688 635 415 405 317 103 574 700 512 173 79 171 603 750 993 483 919 893 944 524 623 343 845 704 314 498 977 534 316 65 671 743 294 129 590 254 718 184 646 328 170 497 975 539 866 504 303 515 694 185
331 849 610 237 838 160 773 33 594 931 967 970 805 286 647 411 376 69 374 325 492 803 250 935 204 808 501 973 185 521 900 246 55 320 830 679 190 328 784 182 300 525 293 765 171 648 565 147 907 433 518 399 56
534 645 109 410 505 316 387 446 581 891 46 979 124 173 708 703 669 82 918 572 80 928 276 861 120 146 82 243 399 701 878 524 831 938 873 633 630 26 107 401 674 713 49 99 390 382 754 531 280 154 763 75 96
613 927 939 307 441 927 586 964 117 151 700 47 721 892 640 918 406 411 192 85 950 5 614 244 577 904 336 37 702 1 884 750 207 322 93 179 511 944 124 65 551 265 896 375 599 64 335 251 664 969 730 944 141
690 647 494 993 162 343 715 704 940 262 954 951 194 48 20 165 684 922 171 425 391 248 112 396 369 820 780 67 574 282 215 837 635 991 418 981 133 606 867 91 169 144 298 196 932 29 745 430 190 764 370 281 622
197 128 948 750 388 859 793 473 623 439 334 660 634 499 271 868 946 416 810 778 660 376 413 576 151 784 610 531 840 542 775 175 479 606 41 701 3 787 335 507 618 261 413 873 495 224 916 544 13 125 815 405 603
719 919 827 767 199 491 589 270 984 411 188 656 622 742 742 292 66 367 436 168 900 338 876 424 961 403 731 22 802 15 714 701 332 412 243 322 896 813 478 635 194 340 190 63 37 126 413 80 675 878 678 2 411
647 823 409 344 278 180 956 151 333 594 874 900 237 834 563 85 856 333 386 679 296 365 127 79 697 280 859 325 503 774 351 430 568 95 426 480 997 243 889 658 701 284 712 838 55 468 4 821 117 844 967 351 925
286 44 285 22 931 576 876 994 452 807 692 135 159 118 887 598 453 197 176 739 987 470 303 439 673 253 523 110 456 221 127 190 919 838 561 98 709 587 719 950 566 728 772 71 707 267 818 767 736 24 136 876 454
126 862 283 629 480 656 561 639 661 866 968 884 94 858 728 514 175 657 85 93 568 555 109 720 376 266 37 406 607 804 492 464 535 83 653 171 626 791 946 885 254 631 716 457 907 495 133 737 554 228 27 463 283
30 733 466 620 635 59 436 216 22 716 288 7 949 673 263 193 334 752 711 376 960 273 304 725 367 348 322 135 917 984 966 924 26 904 974 834 63 861 452 951 1 687 750 789 969 638 787 514 271 684 918 594 860