1
33161
3249 3582 1244 2111 5691 5200 8328 8854 3196 3758 7861 9482 7534 6026 1239 4269 4431 1327 3130 9214 4661 3642 8331 2644 8372 4199 5269 7198 7768 2415 1698 3971 6864 500 7454 567 6193 9830 6626 3443 2446 7143 4685 732 3080 9527 6088 6197 5212 1153 5115 3007 1175 4750 4436 4175 729 9297 1378 706 6923 8622 6381 8515 9256 1117 221 2002 5620 997 1724 874 1947 2382 3825 2964 3395 9803 525 6477 1132 1535 3911 5477 3421 3418 7187 4792 7177 1434 7533 7514 6187 3718 3499 7040 5334 1332 7767 5524 3592 5697 3790 4112 9852 4796 1216 8528 1341 1561 3490 6847 9766 5507 3166 3923 7504 2065 469 1179 8527 6887 7857 4385
638 938 555 225 633 962 766 453 79 686 179 122 147 186 169 761 578 231 866 626 192 705 979 462 488 496 92 530 697 763 833 436 862 135 203 495 73 452 93 549 102 428 327 79 18 892 229 965 63 15 434 508 145 934 973 767 412 42 240 239 316 3 5 723 704 80 706 972 579 40 773 290 346 385 334 193 474 793 761 359 971 540 438 846 776 823 405 710 994 750 507 521 100 365 441 143 705 487 42 843 564 463 521 183 802 94 781 437 253 6 70 328 602 874 919 842 184 640 239 734 562 77 434 998
369 601 265 178 668 717 377 861 753 670 606 134 873 204 374 79 992 661 430 919 470 137 633 266 248 814 522 475 389 128 687 588 16 478 688 973 74 978 528 545 974 891 791 247 228 743 740 957 104 895 663 375 291 629 197 186 747 846 524 237 483 593 323 305 247 981 146 338 877 860 912 245 894 101 390 555 686 119 896 465 379 67 349 872 254 701 886 966 972 922 74 785 529 69 54 667 161 369 365 549 236 537 392 607 225 496 741 22 63 63 514 37 174 547 624 985 755 143 361 535 848 507 756 284
949 477 514 19 642 593 357 543 48 95 962 843 845 15 675 281 386 213 127 933 423 657 849 15 395 70 206 386 613 284 440 832 636 379 194 536 940 877 630 190 622 202 0 933 876 612 575 895 151 56 985 179 165 261 204 669 249 707 866 517 871 683 229 456 159 718 510 630 616 459 242 763 1 909 76 477 608 192 584 620 531 463 929 901 277 442 364 313 68 925 971 811 535 144 571 644 562 759 795 603 598 267 10 523 970 641 616 55 847 205 866 882 171 149 725 515 946 763 288 780 870 445 538 126
359 327 876 22 623 673 713 995 862 30 40 339 983 678 968 603 292 313 874 772 720 214 528 480 726 65 696 829 82 104 982 416 936 905 844 413 796 749 910 173 748 908 665 335 972 415 340 616 694 402 819 105 969 606 883 811 483 145 860 93 138 117 365 461 696 499 461 566 274 123 625 808 440 330 565 508 809 359 656 835 637 631 198 100 980 652 254 90 923 806 545 727 879 552 881 545 646 542 739 431 456 51 756 657 429 6 385 48 368 665 170 885 75 641 269 377 224 323 235 198 115 603 804 490
414 116 641 782 897 887 444 92 416 428 117 456 45 70 56 344 198 68 587 629 11 823 313 14 440 649 602 313 916 307 448 338 264 107 413 846 130 195 369 361 233 473 653 829 988 196 799 185 588 954 207 763 548 48 159 288 515 831 726 178 811 966 106 688 689 200 354 449 607 79 593 713 190 311 960 164 1 541 592 821 499 552 46 542 628 938 872 877 865 921 901 98 860 845 634 358 150 449 13 130 690 636 952 25 778 184 24 892 935 478 699 902 899 949 715 788 298 591 60 651 53 556 604 148
434 958 914 833 587 761 594 460 844 237 836 639 163 186 21 261 474 661 411 541 163 133 744 824 386 123 365 889 647 282 909 497 539 64 376 586 876 683 691 841 317 474 127 821 781 257 719 357 411 692 508 251 937 950 56 597 617 868 443 322 152 763 73 610 958 408 213 435 101 822 553 442 254 948 734 510 741 515 807 500 318 983 327 477 539 825 966 294 496 165 713 355 284 978 955 988 106 978 638 453 349 221 86 525 579 480 848 306 626 394 158 634 398 102 489 860 762 360 703 461 428 843 614 584
493 348 386 960 715 511 623 112 119 510 587 123 852 166 687 539 225 446 981 473 696 427 845 969 341 478 893 675 595 475 404 7 172 86 533 623 348 493 957 554 646 434 740 361 940 793 490 672 271 869 664 293 301 814 800 780 747 744 548 548 285 381 307 86 184 842 482 433 677 626 658 112 371 586 887 133 285 421 256 100 759 707 518 671 670 74 778 989 657 310 339 787 892 101 94 416 71 587 974 350 681 624 296 54 942 735 26 161 965 390 536 682 98 385 450 478 99 562 966 167 689 503 61 129
113 449 566 584 642 406 140 428 709 683 937 578 213 705 544 201 834 196 107 938 908 180 553 419 197 582 100 876 935 704 959 614 758 193 540 46 378 295 504 753 890 13 195 283 778 965 485 102 117 409 833 792 802 748 309 230 938 717 413 546 221 939 873 843 467 378 860 725 974 570 773 711 515 776 446 494 168 361 16 219 880 550 801 895 342 858 856 209 339 502 421 602 790 612 829 715 197 798 392 204 589 189 250 515 127 939 352 672 126 330 757 998 494 623 125 31 28 659 722 221 57 13 401 337
879 716 979 959 5 931 762 264 596 230 159 413 697 629 333 475 597 948 657 919 439 909 736 449 836 624 562 162 790 17 183 772 673 150 867 337 53 64 144 354 835 616 910 216 445 43 569 20 265 142 116 24 29 640 527 326 472 395 214 494 338 556 355 63 560 401 218 646 812 174 476 116 353 917 240 35 224 806 319 563 490 222 660 660 157 594 210 241 59 468 909 239 608 418 997 93 668 68 887 38 328 41 714 597 141 287 342 543 730 341 810 289 635 609 204 731 554 232 254 234 250 187 266 456
552 610 536 881 798 131 116 173 281 605 840 35 925 792 530 711 963 31 553 845 473 842 850 440 51 561 417 747 580 11 298 30 489 152 835 170 756 952 71 803 130 878 858 604 638 814 776 75 767 739 613 277 43 306 559 558 796 538 684 417 585 46 935 148 49 280 102 843 758 472 776 446 969 557 794 405 155 119 706 205 351 870 284 832 801 300 213 887 32 868 123 813 538 509 233 292 494 508 776 975 757 283 704 453 935 620 698 474 89 380 71 498 238 516 412 682 668 441 86 319 586 534 296 169
860 940 906 245 602 302 846 575 442 89 193 469 798 260 173 510 992 326 546 651 522 782 867 669 570 990 577 993 852 470 788 181 972 316 585 617 314 405 60 581 651 444 233 443 375 418 787 145 623 330 191 658 665 49 274 565 580 324 267 928 860 359 940 681 767 672 765 787 88 44 926 130 751 17 470 411 588 313 921 470 745 412 462 813 177 124 816 339 36 935 396 122 420 160 913 225 81 952 122 963 277 927 501 492 522 389 942 389 929 585 718 980 267 909 996 237 200 617 899 625 956 428 801 195
712 785 360 245 691 682 462 181 752 243 603 665 481 191 604 277 997 682 607 834 363 805 763 824 921 829 750 989 90 526 498 270 488 158 958 159 375 772 981 718 546 462 337 782 86 232 541 746 966 4 41 651 151 932 447 290 629 864 88 660 604 64 166 299 341 686 405 789 853 509 790 205 737 268 301 702 533 908 226 500 582 965 968 720 689 767 595 185 721 252 921 333 192 994 870 799 703 522 954 357 788 31 398 577 976 829 647 422 429 460 52 71 961 724 883 994 773 375 407 294 634 65 277 367
964 175 800 317 579 303 820 341 842 857 965 61 285 590 282 663 911 306 69 821 264 658 309 148 404 462 739 29 177 327 210 786 498 259 69 969 344 943 565 561 622 616 776 927 731 212 670 17 265 185 186 613 21 157 261 472 526 322 102 567 469 603 532 810 580 601 446 162 154 40 717 91 410 793 39 262 11 106 235 70 42 215 234 407 601 94 571 504 821 420 134 386 261 410 605 326 734 81 822 877 796 476 89 881 19 249 617 462 135 164 220 276 944 628 964 194 416 88 566 923 174 14 128 527
819 15 552 418 894 284 10 647 367 139 48 336 411 227 233 480 688 24 156 80 932 37 249 531 249 505 858 335 681 536 296 859 308 697 989 836 259 587 951 783 71 344 720 530 282 818 794 306 620 605 802 66 916 905 93 270 722 931 818 281 111 3 978 20 202 950 611 524 711 802 767 684 949 475 721 999 802 229 599 492 459 243 469 482 8 808 684 94 29 224 106 497 768 341 902 478 817 280 610 828 597 800 178 49 83 340 223 147 345 311 73 418 775 822 228 566 531 233 863 190 207 466 141 382
99 797 982 997 37 416 937 291 474 360 356 613 462 553 420 108 966 236 827 499 37 969 701 695 275 724 67 368 865 482 892 271 292 997 728 640 859 357 89 652 105 847 596 672 848 417 794 946 717 350 593 184 762 529 738 909 240 731 452 676 715 109 822 693 3 947 366 772 110 324 66 315 726 270 583 86 373 512 53 122 860 319 763 750 832 834 8 978 632 555 765 992 46 141 417 311 834 768 453 318 669 19 678 86 777 753 394 13 745 900 464 565 598 453 854 300 173 486 410 803 392 879 676 283
985 644 983 782 852 695 995 31 308 422 700 762 907 4 557 913 511 860 308 333 604 649 567 446 84 575 656 751 876 233 245 763 762 168 785 367 72 79 856 172 848 463 992 9 235 644 930 68 56 212 161 952 25 713 729 889 172 406 219 587 703 795 452 998 652 748 645 586 773 122 91 356 946 618 640 695 825 875 555 537 341 469 826 138 684 297 87 99 411 562 330 538 643 59 137 322 36 161 405 91 116 934 348 704 364 46 548 141 209 544 395 464 165 679 920 747 140 646 986 909 349 577 508 233
257 432 329 904 663 674 198 469 529 208 990 695 175 188 585 75 657 87 9 769 430 110 822 359 424 437 747 649 848 265 294 761 729 434 441 940 323 87 646 501 382 20 238 311 555 699 700 891 852 581 879 196 614 252 933 428 510 876 760 482 133 920 988 346 771 171 754 458 917 366 662 633 516 31 444 365 519 778 337 439 475 954 402 525 504 131 675 394 842 872 129 870 744 583 705 942 506 659 257 519 914 544 181 982 713 76 408 229 655 780 227 240 890 778 104 362 257 993 230 103 806 655 556 834
585 250 264 899 327 232 275 11 890 608 426 118 229 307 788 314 393 398 596 746 455 946 902 614 867 565 599 330 260 570 924 435 872 722 90 501 36 400 582 594 730 26 849 551 791 526 166 857 1000 484 220 71 948 261 897 221 904 854 744 517 800 76 508 557 662 488 48 965 908 995 76 754 688 283 247 921 65 646 248 125 583 695 900 795 141 640 785 216 245 552 709 565 431 807 713 386 847 316 610 699 689 223 47 540 327 870 118 861 458 165 660 957 87 641 457 896 18 320 713 401 671 629 769 513
427 922 858 140 425 188 683 781 332 412 440 37 50 969 512 609 50 229 684 483 506 208 211 283 502 714 690 141 472 804 484 390 208 19 920 867 440 101 788 218 262 265 121 157 364 38 31 663 397 361 198 399 727 975 293 328 725 817 644 632 839 539 970 98 461 549 2 176 303 268 143 687 581 601 815 581 350 284 508 386 786 935 59 702 684 54 68 273 553 7 893 836 744 989 303 999 549 544 128 448 1 181 785 320 391 89 434 82 662 396 324 608 449 172 192 949 414 47 980 617 61 511 145 277
791 376 644 118 838 947 447 155 623 547 771 656 738 45 14 206 60 543 358 821 562 209 234 998 532 37 435 463 264 464 32 578 894 348 380 683 838 552 27 538 304 557 391 425 873 366 984 588 142 909 304 714 32 497 421 3 753 588 397 643 650 58 309 596 806 95 454 316 593 1 328 668 812 679 12 26 254 860 690 633 818 158 84 379 243 134 172 686 838 539 850 651 913 660 651 814 384 22 830 104 295 849 200 914 225 598 501 319 343 392 872 841 96 440 174 367 254 599 297 62 182 421 799 917
483 218 857 951 796 284 964 801 135 966 884 205 460 746 5 35 745 0 657 213 832 648 73 631 860 954 997 451 754 570 274 534 205 66 386 88 47 252 131 823 511 872 69 511 9 39 906 896 69 572 95 847 448 690 38 585 796 640 127 996 96 9 802 55 922 383 349 337 247 104 101 49 29 933 779 359 733 139 664 758 395 110 361 871 474 691 83 43 538 481 672 876 328 775 985 174 685 995 249 846 80 176 664 763 237 427 219 844 800 986 500 942 746 469 20 509 15 788 306 282 501 149 796 832
672 916 657 307 486 311 508 117 807 878 633 438 418 686 989 355 219 204 126 431 819 144 88 489 750 70 767 449 42 962 793 907 451 696 206 270 792 387 409 897 316 302 376 218 61 951 338 849 840 437 810 878 846 486 646 364 459 435 344 683 786 290 611 705 38 129 247 550 537 129 423 286 18 559 754 442 867 580 913 313 348 333 838 394 468 219 18 991 500 200 144 787 767 210 853 863 171 977 214 621 334 821 878 156 217 502 913 115 472 514 9 302 6 499 258 228 63 923 335 49 333 228 828 968
493 591 983 113 901 214 560 298 64 862 287 206 265 471 760 173 519 606 319 195 180 78 405 354 690 818 703 993 465 598 76 891 944 206 180 957 643 364 235 656 754 502 558 435 616 549 488 749 323 290 921 143 810 435 372 147 403 712 824 100 297 400 595 889 569 684 957 192 124 897 477 166 430 900 720 137 562 40 50 374 940 649 550 858 409 152 275 916 938 792 587 686 279 208 112 225 497 29 5 977 649 768 544 971 328 271 461 176 709 52 952 43 99 347 126 883 863 87 782 160 28 623 741 156
434 813 114 96 328 363 679 971 150 474 985 667 154 739 650 443 292 853 453 152 271 698 904 791 361 315 319 316 559 888 956 421 154 282 376 362 661 923 452 400 609 465 104 996 27 807 756 662 594 517 311 293 392 124 845 458 939 189 807 953 943 853 821 751 139 167 694 79 244 792 458 52 108 201 231 151 333 299 166 117 1000 336 365 988 79 639 249 321 729 280 983 365 271 429 256 919 461 501 624 502 829 702 218 279 42 98 717 265 396 685 189 601 469 83 417 689 687 161 129 646 915 376 76 781
841 172 162 524 232 63 274 18 368 233 441 466 703 377 202 396 486 811 992 258 802 811 85 253 772 462 92 202 308 70 873 564 156 693 37 734 939 646 510 479 27 345 430 828 632 947 818 5 608 377 930 539 901 522 749 996 102 160 933 119 771 382 382 803 460 512 295 10 637 995 220 401 911 585 673 346 271 728 516 16 710 931 216 391 244 968 543 427 651 523 569 29 794 872 701 252 933 0 481 117 960 132 54 496 858 935 49 97 634 389 473 16 473 930 988 390 618 177 420 933 862 928 575 921
915 313 884 70 966 909 55 114 643 561 945 142 183 906 564 192 310 80 423 525 260 417 32 878 708 130 297 354 120 340 916 24 775 499 808 138 683 101 872 626 997 5 381 651 877 182 672 303 730 701 118 729 432 815 267 230 451 85 910 1000 552 900 742 457 590 170 842 475 890 293 439 841 172 464 814 996 399 564 158 137 158 631 71 273 762 662 530 183 945 253 485 307 220 535 800 311 415 610 170 826 124 846 657 243 424 152 511 616 684 699 525 761 440 528 819 471 291 609 45 239 599 857 67 652
927 882 755 771 409 320 680 70 869 702 78 357 48 565 501 347 871 618 869 212 784 738 183 37 472 424 431 465 131 130 196 866 885 362 194 584 305 20 867 286 604 717 384 793 714 884 834 490 306 198 470 154 447 146 746 675 228 254 961 227 893 261 903 184 575 46 830 533 146 236 190 481 698 65 441 935 927 832 846 479 544 700 737 284 789 595 641 698 220 95 561 189 16 715 301 36 152 913 765 965 609 917 134 595 575 566 237 993 503 350 368 475 875 760 734 331 7 200 230 140 315 326 553 108
532 173 264 256 982 994 758 787 680 286 0 762 279 153 422 211 364 126 51 777 999 604 176 854 877 297 695 973 793 436 643 246 249 331 892 401 427 705 486 943 918 320 53 254 385 142 30 930 2 597 505 141 149 98 912 710 537 968 708 828 463 768 197 694 612 100 366 428 2 367 754 940 989 472 904 68 881 165 490 989 18 415 426 259 444 228 702 318 177 39 229 271 549 572 236 103 108 404 366 229 749 625 22 847 394 681 863 338 487 30 414 58 848 511 265 219 527 825 967 135 88 91 979 801
745 685 170 428 331 915 588 626 123 501 875 32 479 160 793 923 400 133 276 639 975 297 704 310 194 100 517 444 133 916 228 843 482 792 328 653 712 521 21 368 316 398 348 430 629 551 375 83 492 982 469 997 513 668 771 13 504 385 24 295 547 319 744 492 602 490 640 857 521 124 674 141 198 569 71 740 131 825 725 747 372 462 513 698 626 2 458 950 195 120 874 98 608 119 577 36 951 223 480 623 604 373 787 295 639 645 864 20 316 851 567 565 589 844 111 668 106 689 44 727 476 863 47 768
964 825 805 699 577 288 617 158 646 869 208 638 450 639 930 837 353 833 593 328 696 715 831 69 794 865 363 91 26 815 712 46 572 746 261 631 476 625 678 643 168 17 959 383 650 884 337 107 251 398 44 20 390 837 891 424 631 148 739 457 204 764 896 239 492 886 597 649 110 758 741 144 536 652 670 938 731 886 605 261 123 186 187 558 639 559 698 22 400 379 521 961 633 346 811 686 361 255 427 239 153 123 747 707 684 144 202 111 389 471 376 549 392 848 518 524 348 342 254 985 458 669 346 406
83 640 532 25 917 615 185 611 747 740 288 995 390 350 703 438 529 378 949 525 319 988 140 961 367 294 746 462 736 880 873 735 328 510 317 253 474 474 62 376 240 7 880 177 268 341 814 589 526 662 12 569 535 752 595 312 546 843 751 437 533 826 783 143 346 469 818 340 656 556 271 812 189 441 162 254 39 204 257 961 699 554 648 566 715 239 240 219 411 59 972 658 989 333 253 169 323 673 806 145 718 865 785 391 359 404 696 786 732 34 722 823 99 76 853 760 638 561 722 990 964 661 297 234
22 240 542 872 917 598 714 501 493 353 391 49 984 908 904 632 949 883 712 904 460 955 20 426 924 44 913 860 408 683 476 514 185 867 870 914 196 630 157 863 857 254 109 326 505 73 124 687 927 546 224 128 778 969 931 877 763 297 239 1000 688 808 708 465 870 487 276 423 28 3 347 455 318 281 245 755 570 877 622 409 948 97 546 89 934 545 20 248 189 405 418 773 155 832 523 564 778 181 293 722 895 541 681 67 962 368 391 268 34 406 519 83 397 566 985 43 601 696 116 245 337 675 389 210
167 136 901 849 713 718 742 266 75 502 416 521 180 722 899 995 490 395 859 30 235 253 607 179 605 604 702 338 919 423 916 9 21 277 211 183 56 877 465 242 731 938 524 732 1 770 143 994 470 426 337 868 526 417 34 147 238 775 914 357 952 717 249 329 753 129 954 470 26 449 593 971 555 72 43 648 497 951 788 727 451 935 517 41 908 856 643 733 799 95 16 370 91 837 196 728 806 950 276 908 945 447 486 230 917 716 730 252 844 185 251 117 908 997 405 32 593 55 833 182 994 564 193 804
35 608 793 961 158 638 519 786 180 361 320 736 391 59 194 150 54 877 714 753 996 806 873 886 900 514 764 410 266 296 284 119 851 278 155 450 672 150 613 903 734 962 296 600 764 141 975 659 455 177 435 888 603 405 444 943 982 8 146 259 270 51 990 75 649 902 364 813 471 882 411 146 916 234 842 398 553 911 728 980 740 248 376 503 564 216 565 845 305 265 187 505 598 174 458 259 440 220 318 597 623 546 688 176 876 916 468 105 485 904 37 555 910 736 844 450 181 514 544 327 971 761 906 119
108 389 171 27 750 517 673 489 404 505 813 743 338 485 914 158 964 504 608 451 603 238 843 41 965 478 606 893 591 717 289 208 544 269 592 831 737 29 108 427 560 437 869 631 396 909 206 395 128 740 330 972 970 159 462 786 633 877 898 78 943 370 406 607 177 299 509 887 870 271 326 962 43 197 536 925 187 896 661 851 856 20 958 779 797 594 282 329 374 62 163 45 320 642 288 550 959 283 638 243 250 709 788 627 279 225 152 537 219 905 349 224 169 340 898 40 443 174 173 777 319 90 595 192
178 263 313 732 781 670 609 244 496 85 771 570 369 339 235 413 836 879 368 413 625 72 212 14 107 224 762 166 600 545 248 747 222 650 559 985 800 758 916 536 859 361 781 454 416 474 169 62 163 504 836 243 923 705 886 262 828 608 964 936 761 180 359 500 58 761 186 336 587 489 237 326 897 510 878 552 465 415 990 294 492 218 159 208 31 107 25 373 952 407 716 984 82 604 29 808 600 510 584 276 185 129 378 385 806 989 613 329 768 589 388 214 153 938 503 733 598 997 868 770 460 185 981 876
53 802 14 793 865 820 692 164 371 379 797 253 558 732 92 717 783 9 714 758 57 327 320 909 472 736 832 170 114 520 477 109 366 345 989 408 180 98 210 351 602 733 344 564 233 428 178 41 705 867 705 159 479 802 556 551 244 8 462 329 309 471 211 111 452 449 283 904 980 763 125 325 67 593 525 249 11 38 758 566 672 138 224 421 742 255 976 613 443 407 489 90 749 843 950 977 154 446 826 358 531 185 183 33 904 476 236 11 386 948 269 481 290 977 322 639 64 329 568 243 72 638 505 71
977 924 273 993 318 515 727 355 681 749 151 561 450 751 558 910 216 348 114 439 848 385 437 473 182 149 880 523 340 730 492 981 640 16 730 382 993 482 18 572 378 115 351 719 47 165 904 505 407 650 778 701 894 217 135 351 198 588 478 198 662 149 616 765 697 638 417 297 172 22 331 983 618 632 332 717 452 845 400 456 232 745 238 44 394 970 166 265 587 794 953 209 924 419 170 259 206 319 723 554 321 661 740 125 25 925 195 230 418 766 770 452 275 537 762 592 312 256 878 35 335 338 388 166
957 706 367 539 806 809 792 904 109 98 922 309 805 837 65 801 378 758 186 12 753 147 106 986 27 538 330 252 329 602 686 873 325 290 281 508 968 396 526 25 682 824 998 934 465 488 92 965 236 555 418 158 397 446 850 207 182 393 180 597 765 915 239 64 272 836 907 896 7 795 117 532 387 502 956 698 624 952 179 657 103 746 685 538 839 579 797 970 97 43 742 522 413 621 731 612 307 587 892 941 342 258 43 494 782 648 699 71 1000 46 258 746 91 500 536 33 753 645 834 174 300 296 246 570
411 546 602 380 84 701 12 969 433 525 277 591 629 625 523 880 355 135 809 27 461 900 502 890 183 755 547 866 54 338 583 793 944 0 846 630 998 654 228 609 113 816 342 21 163 709 115 453 90 3 70 969 736 139 708 382 220 236 606 545 301 1000 235 594 564 568 948 28 175 566 626 522 788 359 522 328 562 757 82 215 647 978 778 759 855 2 671 557 849 696 437 382 983 433 138 151 397 789 683 230 690 675 681 463 701 343 121 41 2 479 155 890 571 602 746 459 758 913 92 83 573 957 224 475
718 435 617 203 145 211 584 27 287 594 261 955 672 228 735 360 340 494 723 231 513 167 753 857 324 146 63 133 792 854 441 122 863 652 120 52 144 134 735 144 984 525 683 83 359 958 449 883 372 270 827 826 904 714 396 140 644 624 803 708 423 440 582 754 716 374 755 301 243 337 979 499 468 313 595 500 790 488 903 934 427 125 902 25 336 27 29 431 539 851 447 107 809 516 902 529 780 6 548 849 660 84 918 942 906 653 360 154 35 464 494 975 714 24 36 542 921 112 767 778 248 711 261 665
545 893 206 271 296 276 914 158 984 649 441 990 664 621 672 558 273 336 908 929 446 779 710 591 397 985 272 695 538 471 429 807 594 866 795 736 184 819 132 728 846 789 725 825 586 405 675 258 251 242 323 383 305 582 792 482 819 406 706 92 57 244 789 994 287 212 255 80 626 649 929 413 453 8 440 355 454 311 638 628 560 600 736 858 919 477 339 557 342 625 779 287 990 526 40 986 472 457 197 186 690 367 158 308 646 295 809 626 788 494 487 342 158 570 636 804 116 886 265 457 696 632 695 583
927 661 70 105 158 871 990 72 973 688 63 602 309 647 813 143 48 17 537 108 518 269 536 337 940 347 144 653 186 639 211 687 934 372 154 237 136 209 820 483 748 708 543 515 432 17 190 814 169 530 760 460 542 826 235 35 162 512 465 647 485 133 110 706 76 501 693 38 565 237 100 35 499 164 418 362 107 899 234 476 761 533 782 498 116 378 292 878 767 148 583 506 577 84 398 738 304 1000 273 786 648 675 534 336 443 118 631 227 473 738 995 693 699 698 619 90 555 551 290 775 411 668 33 597
547 947 904 753 361 202 607 732 222 47 111 391 475 9 255 494 771 994 543 900 537 755 414 932 955 182 625 832 22 802 480 112 529 918 474 447 875 558 798 488 701 304 51 612 491 921 809 372 346 606 241 728 300 606 762 283 513 125 397 86 673 664 507 751 552 681 717 652 3 99 869 698 538 670 654 397 64 523 676 372 856 530 943 270 957 477 112 173 739 244 785 241 436 273 559 569 691 195 263 661 581 772 968 569 89 118 448 19 240 864 156 300 56 935 319 755 472 970 313 725 38 90 726 666
594 973 264 655 860 107 767 431 385 101 163 609 756 841 783 474 270 372 678 530 19 739 270 871 228 68 391 357 334 760 653 190 897 483 644 665 76 608 167 119 195 262 917 887 38 304 966 161 142 62 854 732 710 608 249 710 343 134 236 260 446 827 79 312 775 906 107 754 669 837 430 282 465 277 77 771 753 930 392 411 523 592 628 873 347 954 467 87 404 851 925 982 710 86 482 458 394 190 457 969 333 478 747 935 653 549 415 665 79 413 682 483 547 471 187 752 46 673 421 957 676 547 392 574
624 345 156 987 864 670 414 593 75 904 658 497 362 65 562 328 38 937 8 98 825 851 523 670 232 671 368 202 692 194 494 446 202 421 890 924 290 523 825 4 477 497 666 848 727 988 334 761 433 631 305 115 169 470 338 552 171 809 855 168 130 84 742 247 358 821 23 224 197 841 456 616 750 653 92 3 296 534 673 586 226 701 792 589 605 712 464 826 231 959 916 601 406 891 775 250 46 591 126 305 841 504 468 136 153 250 222 705 353 567 175 665 898 509 710 503 93 543 385 748 90 269 674 178
673 930 148 966 329 999 851 986 687 96 141 104 51 121 686 94 123 593 95 953 825 223 797 774 602 578 714 874 531 577 211 36 23 102 546 528 843 321 76 13 671 525 212 93 379 901 344 247 304 439 76 703 430 968 75 248 36 277 982 794 645 733 900 453 229 428 572 309 795 790 971 334 405 543 743 503 179 181 79 696 64 576 416 469 976 138 388 441 245 749 109 189 157 596 929 425 592 831 484 42 30 176 724 295 506 80 515 768 66 35 63 850 780 326 805 366 827 824 539 61 80 420 941 513
103 246 186 827 296 823 138 227 437 470 551 703 529 122 903 622 965 76 489 102 503 656 586 545 924 652 622 748 68 893 177 308 828 510 907 254 58 766 104 929 6 880 689 766 237 827 466 891 699 343 309 990 288 116 496 246 46 733 282 809 944 824 444 889 44 960 288 236 269 931 812 773 39 154 662 889 866 410 893 640 872 680 27 239 132 639 661 484 547 397 658 746 441 43 754 131 304 653 84 704 264 173 347 951 944 261 751 673 856 259 524 824 455 148 378 777 766 533 125 98 884 248 912 199
974 970 41 743 471 656 331 517 644 464 186 423 492 650 1000 119 856 349 621 368 731 28 176 665 334 226 592 962 89 375 757 61 425 398 102 196 774 520 829 999 157 684 727 977 975 781 1000 162 721 33 42 562 84 876 200 690 249 728 357 248 298 819 402 836 888 976 916 795 755 13 866 134 817 33 756 966 579 335 368 664 43 781 95 722 476 731 783 40 332 959 433 489 958 426 77 484 657 728 322 876 792 181 550 316 50 358 185 773 67 267 214 215 355 909 950 733 234 113 807 102 409 688 695 452
351 732 832 428 503 59 614 868 370 550 749 393 285 353 849 614 248 487 200 749 132 382 959 776 468 293 857 661 981 538 404 738 867 550 677 698 403 963 678 970 282 130 351 147 890 828 971 736 295 179 749 715 588 277 866 331 920 550 862 492 283 772 745 37 734 173 176 313 538 72 321 944 424 680 3 25 707 238 695 950 489 485 301 172 403 258 11 709 907 855 246 716 499 770 557 280 224 115 182 962 829 139 4 116 534 703 171 406 519 888 290 366 154 347 854 170 205 633 718 721 53 981 192 970
543 497 806 227 509 430 41 730 605 764 849 112 922 451 282 600 581 196 418 658 986 136 632 630 561 823 633 804 357 922 433 499 8 828 846 730 274 859 387 431 201 189 831 853 737 394 848 847 354 433 659 797 984 231 412 198 37 632 861 896 385 624 197 10 225 486 217 410 104 687 875 15 156 984 114 826 969 12 342 318 36 779 718 54 257 289 731 924 412 446 360 767 283 104 264 672 730 45 589 922 894 149 184 895 686 884 992 551 445 536 321 117 503 996 486 529 752 923 676 47 872 33 752 483
562 803 173 256 265 461 14 280 375 496 283 144 274 215 669 907 305 411 570 14 100 228 717 353 987 752 298 747 870 541 571 146 781 173 750 529 517 331 474 0 592 723 631 774 551 418 749 276 53 96 427 974 647 471 818 960 323 884 998 862 802 965 481 950 865 679 314 919 436 575 333 960 221 42 976 721 677 310 958 340 36 797 989 892 903 627 115 607 695 904 400 165 270 948 802 120 49 267 473 525 858 756 85 271 983 683 354 591 961 828 206 138 645 202 372 329 364 655 329 589 139 677 157 625
84 715 242 451 675 103 387 108 409 816 410 408 231 615 561 185 447 753 531 212 904 217 986 782 206 687 302 27 534 284 207 875 525 874 431 766 654 629 180 424 604 20 111 878 839 295 412 237 919 780 359 936 144 290 728 674 337 442 535 815 330 27 510 480 79 145 389 453 6 502 322 832 221 541 383 749 836 662 484 409 567 658 304 979 277 86 317 624 140 754 711 934 554 10 49 939 707 631 261 730 325 130 984 417 980 401 606 125 773 400 434 767 588 309 840 308 578 754 700 921 673 99 376 138
600 764 570 412 44 280 379 583 775 933 415 669 808 268 19 941 360 206 617 98 118 244 93 724 632 186 638 782 467 542 467 9 908 623 98 524 993 426 935 90 627 545 363 799 103 865 786 424 559 262 209 333 503 349 115 791 131 27 124 89 789 788 368 692 285 347 691 565 603 512 38 836 727 616 860 892 206 353 190 105 231 699 406 594 555 628 815 169 605 668 703 926 581 660 798 99 116 501 685 225 189 835 458 761 24 746 432 493 931 217 706 813 546 721 899 462 563 198 552 22 627 977 677 300
526 301 922 976 886 870 388 922 482 334 88 575 777 344 159 816 824 52 665 203 777 690 193 395 224 292 547 136 140 576 901 892 981 293 298 890 861 452 715 208 473 64 740 818 347 505 407 796 847 365 319 967 507 512 27 309 771 259 677 538 456 832 459 837 568 538 610 652 472 262 545 363 571 668 354 59 674 72 36 979 697 249 313 357 689 837 954 314 844 89 208 609 404 327 252 145 324 52 196 431 929 325 783 802 918 427 788 438 60 166 665 633 808 910 945 927 319 535 19 926 822 96 62 240
177 925 676 82 757 762 51 958 543 883 884 401 598 7 293 388 330 123 994 695 25 670 904 791 764 221 294 587 761 237 82 410 341 968 147 521 845 649 88 202 205 927 60 438 697 394 774 170 731 765 686 296 933 494 534 99 227 996 872 204 452 849 235 135 976 753 636 57 38 134 819 24 171 928 286 651 450 480 260 819 762 924 224 972 318 199 572 832 225 497 662 819 161 117 881 994 323 383 606 957 202 430 201 521 742 636 349 179 621 11 705 457 555 913 583 714 178 716 142 528 374 792 273 933
93 344 31 126 408 649 808 412 728 185 58 618 589 489 268 360 121 110 449 716 349 58 762 184 246 91 557 234 868 218 397 715 662 211 623 976 355 619 752 285 893 108 395 69 692 466 614 459 866 16 489 581 160 378 573 443 194 485 723 620 3 866 485 266 749 986 715 14 132 579 499 898 770 813 815 135 134 27 449 675 972 554 213 73 109 957 798 279 376 703 996 857 386 569 743 617 711 107 21 546 543 91 871 974 312 29 633 166 840 589 390 870 502 191 399 248 951 302 32 146 672 871 594 681
728 381 666 730 846 73 649 172 704 672 444 166 743 74 499 814 305 107 813 576 991 40 481 254 219 938 366 162 113 288 655 393 842 101 774 496 659 288 624 793 361 582 87 591 222 642 776 24 604 754 379 314 708 537 813 7 287 661 177 380 465 310 708 120 586 543 607 742 389 273 834 135 310 628 687 499 858 73 156 49 174 452 509 210 69 227 873 254 162 958 131 782 231 468 406 230 926 1 466 958 956 134 85 699 447 771 421 339 754 557 786 962 768 870 647 119 25 835 531 36 632 593 386 808
591 610 119 714 927 988 203 92 278 622 104 542 243 45 961 755 429 133 197 608 975 156 259 561 199 137 580 699 588 75 653 775 931 496 283 594 966 555 163 972 217 601 482 822 9 173 262 53 402 487 788 661 486 947 364 984 425 557 933 147 288 870 137 987 108 206 782 664 523 448 981 408 310 50 990 193 160 155 573 478 401 888 401 357 307 150 209 771 741 633 428 585 39 981 597 621 719 729 627 810 654 949 575 880 628 67 997 145 685 206 632 199 93 513 745 704 278 896 861 971 185 15 555 517
984 366 281 579 33 905 13 217 988 295 362 269 386 860 323 462 146 556 730 56 354 129 180 63 877 793 347 825 949 738 404 10 635 997 995 164 796 686 470 634 787 470 43 653 538 753 915 493 948 916 917 81 796 614 253 304 91 463 308 510 483 682 776 694 550 588 562 141 956 407 502 578 94 999 610 39 508 451 370 884 595 479 266 242 234 491 842 122 284 277 555 602 184 108 333 233 654 812 304 412 935 988 949 393 58 567 810 632 663 508 682 847 906 187 875 167 431 869 539 249 918 823 773 403
655 131 131 120 184 144 829 337 361 255 833 255 192 930 148 771 105 124 496 362 327 257 124 686 618 502 534 773 765 434 83 615 704 976 409 883 480 751 29 209 807 623 567 843 57 794 686 787 351 82 849 766 826 596 158 290 234 257 465 18 703 723 689 875 612 42 530 344 720 72 825 989 841 885 691 189 54 351 238 619 181 547 432 166 0 121 141 670 188 590 565 409 919 988 552 480 867 259 986 423 657 503 627 564 714 949 194 573 950 805 912 459 54 61 330 499 287 28 260 652 599 861 992 663
703 71 389 459 428 992 715 807 619 980 400 492 880 102 398 892 823 103 303 373 901 283 546 201 435 936 255 51 52 17 818 799 450 767 209 709 931 454 520 747 302 127 130 55 797 749 336 811 325 417 565 885 122 458 943 602 294 266 96 86 552 390 244 396 600 145 778 853 12 450 122 56 713 374 299 672 597 611 906 563 212 924 871 187 797 472 835 738 289 400 305 642 627 685 600 72 225 231 676 917 254 953 103 850 697 842 940 691 888 114 658 678 346 551 887 404 5 594 131 796 952 990 425 532
959 458 923 271 180 324 451 120 705 994 495 536 201 395 371 924 215 213 269 717 631 709 833 587 769 677 664 677 384 643 760 297 491 383 323 468 685 208 201 616 94 513 192 92 486 176 143 581 864 299 131 868 340 24 953 723 52 217 917 166 265 979 634 85 847 512 886 235 331 886 314 958 416 300 741 528 915 547 359 70 323 349 704 290 322 402 983 728 820 565 767 556 377 100 662 300 855 11 31 648 959 897 935 423 811 527 347 207 687 350 879 201 556 190 895 504 264 492 476 712 980 445 746 434
76 385 479 951 80 898 362 872 838 737 700 428 953 211 132 739 581 706 849 509 937 558 1 59 163 164 478 661 380 436 775 748 559 901 746 37 296 97 872 110 15 651 596 585 661 754 820 822 947 686 706 929 841 775 980 811 915 771 61 813 872 495 432 684 124 255 615 697 952 593 210 129 382 628 41 699 757 934 312 717 502 377 113 63 115 542 378 434 929 204 582 279 717 694 420 788 383 10 55 526 497 540 153 991 193 669 68 246 3 850 170 193 278 610 289 976 550 676 728 645 986 46 420 631
444 219 893 637 46 4 797 789 60 415 395 323 485 730 406 364 636 778 817 375 407 700 473 394 876 107 154 719 702 890 981 370 995 637 333 844 138 27 324 416 36 869 22 52 194 778 603 655 95 310 858 422 331 444 191 980 826 146 438 231 801 341 160 401 781 629 677 850 51 148 678 798 700 606 776 404 565 791 964 855 30 687 289 791 862 916 200 59 808 956 15 322 786 222 673 89 952 197 984 923 485 919 124 726 860 243 523 165 151 703 818 161 296 526 235 767 119 143 810 155 970 809 716 428
791 104 992 200 863 47 968 571 511 633 750 925 999 246 316 688 141 721 782 970 484 767 738 140 329 164 616 456 397 362 283 285 528 569 82 962 283 411 1000 927 507 810 397 577 810 195 332 357 33 272 229 544 864 256 496 325 290 501 709 612 387 385 329 194 281 889 993 264 510 222 577 624 429 711 932 268 454 50 875 123 898 531 559 406 438 695 334 237 641 952 464 673 233 29 909 17 438 403 999 405 991 208 116 126 334 139 978 251 568 621 963 498 911 683 455 682 156 158 996 358 860 738 550 356
646 293 414 917 964 614 401 669 438 4 689 462 384 324 714 767 462 98 681 28 87 130 97 226 435 311 85 995 997 887 123 840 68 27 948 823 394 92 52 210 240 361 964 691 49 770 72 399 713 50 92 352 18 26 481 559 166 726 660 226 473 911 896 233 888 992 474 290 636 98 297 649 260 879 588 172 908 728 750 989 783 633 594 615 395 267 832 128 445 559 900 224 491 6 808 47 491 530 351 111 905 639 34 268 300 801 275 624 578 932 990 774 927 644 766 53 222 499 191 318 783 350 110 191
147 445 146 987 678 367 381 438 520 997 920 546 163 960 454 739 579 864 796 930 813 470 312 937 340 114 94 175 483 750 785 368 588 183 897 690 988 606 703 925 847 144 368 630 333 828 415 831 210 224 461 26 316 668 127 365 962 458 836 945 999 791 540 351 529 929 863 725 160 672 903 584 147 861 81 331 497 466 368 985 137 988 506 630 48 853 962 207 605 684 790 535 252 620 648 975 589 661 340 326 412 429 428 934 730 612 50 924 344 844 383 846 868 612 532 174 564 283 488 157 102 100 297 317
171 704 36 699 899 317 444 926 900 529 911 320 477 141 23 345 977 514 982 363 217 40 635 556 621 598 769 477 446 355 249 800 828 951 761 221 223 578 782 619 987 67 108 652 167 409 771 466 497 413 545 308 107 960 936 338 982 20 258 459 880 518 562 949 295 850 59 864 638 137 718 700 38 928 436 136 833 125 87 823 951 588 109 226 295 542 573 543 821 683 64 962 280 671 908 400 856 479 31 921 56 439 435 390 95 696 433 281 668 744 790 884 324 203 632 753 852 233 980 65 782 39 953 139
364 642 513 455 259 89 698 575 762 876 347 52 142 752 87 891 646 733 719 841 606 538 932 28 477 170 341 792 247 188 341 977 157 274 833 138 672 517 468 514 817 120 415 37 430 383 986 333 108 512 266 495 727 985 11 818 656 765 869 478 542 607 512 226 790 95 137 348 789 712 409 725 918 60 364 831 620 728 632 542 975 781 790 370 557 848 264 122 502 178 326 872 931 93 195 471 966 913 458 708 454 6 978 285 70 127 201 117 374 567 188 747 999 452 727 925 971 219 946 774 443 51 441 858
944 619 717 325 758 543 582 243 510 109 284 44 120 174 698 777 771 4 205 212 778 189 10 16 519 368 759 696 743 510 286 515 262 742 854 497 20 24 586 439 9 52 567 677 282 334 908 823 886 53 626 297 481 667 596 963 223 412 535 53 505 691 901 590 831 134 978 730 974 609 568 653 679 511 514 896 283 748 645 734 2 309 47 863 853 512 725 750 311 583 229 102 938 949 874 25 742 584 912 534 945 92 916 498 249 68 409 236 17 777 277 917 81 13 987 393 270 894 399 29 750 495 513 399
293 649 555 429 884 787 338 43 302 223 244 193 656 102 455 273 155 1000 135 711 351 525 822 613 156 933 642 912 180 609 123 797 929 643 846 605 27 230 597 633 52 26 250 949 776 896 512 405 4 801 896 856 450 784 589 340 37 764 766 647 451 768 511 713 569 525 875 288 681 840 947 32 978 480 860 375 696 113 565 69 649 989 200 552 755 643 504 690 750 739 105 208 679 929 725 128 985 375 589 617 87 392 771 7 232 102 23 752 236 741 783 997 810 176 508 667 581 537 385 813 499 751 753 237
861 899 261 530 785 549 430 923 433 985 109 358 808 839 770 816 160 936 932 485 515 668 769 1000 984 548 495 685 62 116 88 510 790 129 480 289 684 825 126 470 846 888 395 711 535 701 567 708 703 179 228 925 633 778 225 278 959 341 695 320 59 222 517 58 142 186 394 754 232 54 428 717 455 221 240 992 289 391 225 27 40 594 750 678 399 833 138 163 974 965 296 824 419 881 200 787 596 222 674 630 293 775 846 526 65 959 595 691 847 361 50 512 351 154 757 999 833 377 795 983 439 106 206 803
701 916 322 531 34 33 378 656 98 537 440 955 691 713 854 595 25 71 372 624 225 214 373 377 583 437 237 522 499 43 45 226 513 424 621 851 815 796 489 871 922 374 768 989 346 951 68 529 484 730 542 228 255 242 641 399 346 582 798 971 508 166 503 301 829 462 591 443 232 5 109 138 409 330 672 284 986 988 889 405 986 499 198 855 443 821 995 946 449 804 97 714 494 510 981 855 670 93 487 467 793 67 738 832 43 670 282 427 244 47 677 174 335 553 475 24 324 650 523 200 1 901 983 537
755 959 7 222 424 335 586 952 738 503 55 207 352 666 960 196 756 207 391 819 239 342 321 864 582 541 970 644 10 624 383 687 262 249 767 565 53 277 981 447 984 683 604 499 764 76 144 41 360 125 647 679 448 4 917 492 633 688 940 319 528 737 724 342 932 24 304 609 627 167 729 844 451 828 847 31 749 141 243 340 843 637 242 601 552 958 992 900 369 398 489 569 181 219 921 81 678 250 379 848 255 795 708 761 735 332 372 429 353 377 743 668 722 632 839 257 978 97 301 800 357 829 534 299
228 330 975 680 626 801 346 869 419 430 548 10 169 911 217 880 992 988 360 1000 194 174 751 885 995 806 92 576 429 784 645 981 976 280 110 108 575 399 217 294 703 565 909 279 764 660 752 606 653 721 98 507 458 177 951 490 443 210 432 275 568 384 314 851 830 557 110 5 326 622 923 307 471 228 201 241 263 788 531 657 901 539 250 558 388 878 328 907 536 450 876 142 19 192 159 977 776 865 248 409 358 421 785 128 457 405 131 709 888 620 765 117 137 154 866 658 596 947 373 797 528 149 271 351
443 561 452 253 900 923 350 84 622 396 515 69 499 91 952 691 796 861 788 634 135 25 752 771 370 379 755 328 778 882 959 743 234 280 856 81 863 664 264 196 802 466 217 475 477 236 145 390 354 328 857 152 709 357 535 794 1 548 803 760 751 765 94 354 525 935 690 954 900 301 333 106 527 194 914 725 643 594 221 147 401 959 353 447 514 310 68 552 455 208 706 650 955 663 592 625 860 543 193 394 617 264 453 578 103 258 18 26 558 609 500 293 982 269 577 327 311 583 760 277 700 962 101 591
531 128 127 453 254 448 200 495 928 729 277 365 103 452 336 417 149 737 536 31 348 219 223 899 697 94 773 391 853 528 225 4 402 990 395 405 726 636 261 909 320 356 481 563 38 684 325 171 658 445 434 24 222 558 373 96 846 510 296 781 558 3 497 344 388 88 910 977 704 943 256 323 917 551 29 522 366 977 837 187 424 154 57 602 800 207 501 626 503 241 805 202 141 602 461 894 354 219 883 330 355 318 517 252 619 733 644 996 276 733 640 869 838 562 291 290 688 413 264 283 522 185 799 403
867 915 583 233 4 453 874 354 50 95 500 247 699 803 335 401 905 205 367 710 183 317 309 280 25 326 448 900 592 718 267 2 2 857 456 979 148 814 408 545 106 718 51 156 264 615 871 353 856 290 99 976 791 613 44 696 96 686 962 870 712 494 21 346 492 513 589 308 902 337 88 652 837 747 203 920 0 829 42 663 206 206 248 23 832 594 452 589 189 139 901 623 252 386 364 180 15 292 622 230 487 70 487 297 236 122 585 512 167 58 194 275 710 80 941 717 314 417 774 947 266 390 750 681
155 749 355 180 195 776 109 785 231 545 253 300 503 104 9 678 390 666 162 601 859 890 165 539 616 721 11 949 294 49 386 67 939 212 138 486 389 336 2 311 503 244 738 939 840 129 680 785 343 21 807 711 349 991 831 215 630 158 453 914 179 846 76 433 223 98 85 636 635 48 638 714 43 193 904 893 123 480 191 438 65 186 277 141 350 589 705 297 147 332 146 884 771 356 742 400 941 531 325 837 440 516 9 723 900 635 677 509 704 292 58 602 174 294 742 563 237 272 7 165 534 124 425 303
918 538 225 950 391 590 69 753 782 781 768 574 491 558 5 596 872 80 656 10 123 899 132 579 799 742 553 970 466 634 383 549 885 728 229 362 182 837 495 985 111 466 688 597 279 966 392 361 657 738 544 223 205 833 664 780 619 549 342 689 721 235 401 455 935 848 643 215 764 108 595 528 557 581 464 152 360 813 95 210 293 481 675 574 25 411 841 102 427 890 766 599 918 524 882 998 538 463 214 387 953 728 590 315 983 245 448 434 875 66 664 743 222 962 125 748 555 696 132 737 692 809 869 10
250 574 252 342 844 256 614 316 347 231 785 0 460 164 851 664 802 441 138 961 829 890 892 940 340 496 619 743 88 469 558 593 13 209 432 856 999 494 165 479 441 170 447 376 265 219 805 897 757 397 847 797 495 619 362 169 502 102 78 175 496 674 191 989 816 530 159 568 94 87 585 443 247 578 926 902 885 876 627 689 869 616 670 381 549 618 579 287 265 291 579 691 269 550 251 728 630 589 929 441 429 592 979 808 939 499 269 24 7 449 965 957 162 787 455 773 259 469 977 380 694 847 268 940
436 396 346 111 743 185 995 840 773 353 106 210 203 460 139 65 63 164 651 912 711 84 391 433 367 873 644 162 897 38 731 974 559 570 267 207 542 133 898 381 99 422 121 113 631 472 631 542 686 831 175 274 690 694 371 20 347 640 795 847 882 882 631 39 80 599 201 442 725 461 203 26 593 905 94 810 323 292 449 430 921 640 417 650 850 20 103 652 355 229 93 8 699 877 658 784 444 334 456 542 95 211 499 463 909 551 224 830 546 160 736 579 347 630 380 618 310 213 319 582 279 419 537 460
240 532 994 317 303 535 997 0 559 644 394 307 907 226 629 327 610 593 242 828 690 751 255 852 969 172 507 998 689 631 836 372 237 312 842 149 780 281 974 405 331 559 523 107 654 646 286 226 400 59 421 889 204 271 357 588 359 541 179 809 416 669 295 686 257 222 489 517 939 562 398 377 202 183 541 815 427 168 360 747 906 40 275 462 29 843 658 98 587 447 402 534 441 183 143 433 976 220 659 262 51 215 936 838 596 546 864 839 972 740 406 942 955 501 362 122 570 757 519 216 335 768 469 948
748 678 262 681 109 276 681 483 126 932 644 534 716 367 458 256 976 950 369 892 950 152 467 167 437 894 957 339 123 859 490 959 524 299 659 266 745 842 590 414 113 310 499 249 400 908 313 76 128 502 584 246 397 718 662 297 920 512 644 634 310 91 806 143 165 308 526 647 280 382 233 487 170 532 870 592 529 115 648 236 797 951 307 480 378 874 308 143 42 986 643 626 96 316 307 804 9 819 919 786 745 845 483 533 188 899 249 944 619 748 764 344 554 231 184 308 284 307 259 799 303 67 673 343
519 869 175 644 130 585 546 739 949 129 706 109 3 352 580 777 231 511 190 198 445 391 253 334 402 455 187 491 874 95 577 173 190 830 83 32 73 950 301 67 70 943 84 912 394 420 137 331 28 332 744 533 987 860 206 399 538 235 992 645 666 53 120 742 562 30 462 65 797 899 676 424 599 943 765 93 136 11 910 679 251 944 795 10 902 386 125 173 392 313 390 882 795 304 457 297 925 45 89 708 525 268 344 762 656 802 241 212 953 149 482 453 976 766 941 961 120 157 750 156 714 366 64 222
851 531 398 328 143 670 179 655 893 8 108 330 408 144 706 548 503 501 362 54 650 495 68 645 516 419 737 350 87 759 777 414 97 326 409 947 452 975 26 262 803 717 690 944 862 401 434 256 453 53 709 716 500 784 352 254 695 57 77 115 470 664 48 77 539 131 816 502 130 513 418 557 306 307 199 715 127 426 193 215 407 706 73 966 120 822 458 176 739 76 740 318 861 943 897 291 648 505 130 439 824 791 961 759 452 606 610 792 623 879 40 707 912 674 399 162 948 755 135 466 403 859 555 915
628 729 886 66 575 384 519 498 490 858 959 19 500 553 875 678 137 109 790 206 988 615 548 432 725 740 835 843 919 107 478 900 450 645 609 81 206 556 10 722 191 242 327 893 178 673 12 117 34 742 277 857 389 711 507 465 830 150 83 487 984 964 651 90 845 792 678 472 638 452 552 715 561 694 417 658 628 137 491 213 985 885 894 998 814 850 184 781 420 905 909 247 507 626 605 78 698 17 199 251 905 825 748 113 75 237 927 731 258 965 170 836 295 128 521 632 165 973 351 665 287 870 355 371
602 937 997 280 676 184 98 681 308 599 327 651 311 850 782 986 418 820 771 949 50 74 66 964 290 665 959 235 267 398 758 833 589 588 669 678 343 371 57 635 33 287 203 828 423 788 460 702 664 953 461 21 236 280 723 592 300 629 619 171 301 383 475 8 525 181 589 284 309 404 251 710 532 251 887 706 608 522 199 617 494 992 272 880 616 105 973 317 721 681 536 185 431 140 622 203 409 374 381 415 23 857 673 434 194 762 339 179 226 538 994 872 673 948 421 854 57 336 790 132 546 751 365 24
276 795 339 187 182 997 794 477 36 784 75 474 886 674 644 644 419 803 391 65 112 413 720 367 798 564 173 698 509 151 153 58 766 420 315 597 787 466 762 644 211 254 966 955 413 490 280 590 431 30 697 936 726 893 694 879 118 803 409 341 756 777 72 898 194 105 2 63 577 314 344 392 780 554 408 462 317 29 643 69 81 152 505 945 368 740 467 408 140 876 69 319 695 433 949 243 700 421 341 352 173 452 257 289 15 981 692 191 84 288 990 169 293 378 903 958 631 894 817 276 88 555 222 615
416 511 530 832 461 685 94 425 875 170 607 935 830 314 189 325 404 582 28 275 564 135 528 769 784 201 442 365 26 628 221 820 212 45 424 964 29 961 514 176 183 79 418 966 440 81 238 184 706 134 328 337 230 124 780 104 830 363 167 857 328 363 445 248 116 391 690 236 793 268 406 164 341 966 579 375 640 294 257 80 92 493 847 867 733 740 342 152 718 455 736 496 471 247 293 147 99 79 981 547 713 430 71 409 267 199 160 394 325 708 628 666 407 110 993 675 292 914 395 971 865 406 282 799
773 572 190 431 343 223 872 886 594 224 97 333 879 531 626 350 234 828 551 113 697 292 773 137 293 531 934 608 162 524 333 901 122 319 583 943 763 318 593 12 76 174 93 553 774 296 564 131 412 640 984 469 216 458 375 132 633 756 448 987 441 966 805 178 516 218 204 457 952 709 28 985 111 289 959 87 19 4 747 662 538 145 172 708 692 142 586 427 846 969 451 752 742 535 797 838 259 271 18 416 504 854 926 424 283 586 819 682 154 220 544 162 336 559 592 266 527 994 171 290 772 562 477 216
839 618 7 646 24 439 69 988 427 123 214 780 221 568 619 952 662 684 40 683 635 846 798 247 126 307 963 28 359 146 615 95 714 247 584 670 529 426 897 209 729 205 217 535 924 482 60 503 759 720 917 572 572 982 575 421 572 696 978 568 127 78 445 828 25 305 798 276 597 949 796 582 359 434 646 472 434 59 870 344 340 768 507 213 655 160 262 487 947 949 418 76 435 994 573 519 171 52 47 393 418 472 882 534 4 994 604 938 162 45 59 886 37 381 333 817 227 588 956 607 10 910 552 548
748 744 890 412 17 603 182 248 228 414 231 164 500 182 113 840 360 135 135 526 954 761 776 627 681 687 37 341 997 331 628 806 308 134 311 5 638 711 647 633 101 734 5 766 473 207 854 121 854 566 893 803 604 954 873 983 40 894 386 185 341 82 224 443 258 777 510 403 785 984 69 373 483 343 858 31 437 68 99 290 776 529 677 182 770 860 316 725 373 391 165 564 956 883 371 879 314 500 713 436 473 878 206 857 596 901 728 381 436 468 574 680 161 227 800 328 645 287 453 789 118 580 358 831
958 828 223 305 237 615 374 599 869 494 732 566 297 344 51 106 659 900 393 129 557 346 653 570 690 99 22 144 286 873 381 539 669 867 590 532 422 446 765 321 667 47 183 221 284 296 550 490 564 766 797 572 146 582 859 434 775 601 888 323 730 428 526 907 622 591 407 348 308 270 916 962 712 341 812 637 296 923 764 949 19 849 947 502 685 851 590 111 509 413 362 156 609 361 256 551 818 445 797 162 970 641 614 543 846 613 934 190 179 609 931 835 895 250 393 184 767 816 781 725 444 275 358 39
453 589 645 83 465 985 741 889 787 122 937 288 857 630 581 29 147 220 372 956 3 984 344 978 564 885 648 594 866 570 704 665 365 720 731 249 979 883 405 270 453 971 982 84 0 332 648 393 195 899 903 525 364 646 132 742 84 950 436 173 737 530 149 24 290 107 368 462 247 456 83 612 560 449 136 277 744 774 948 290 949 741 623 685 202 744 9 435 176 181 617 909 24 502 307 939 745 385 642 859 364 342 724 989 211 101 16 88 757 597 418 824 346 119 129 39 480 840 620 573 792 700 7 383
635 214 709 262 350 400 452 243 365 351 664 98 413 158 318 728 181 614 184 864 162 625 98 328 101 669 526 445 663 640 656 109 416 509 275 883 38 486 194 822 22 616 898 348 213 126 703 805 104 431 967 845 14 594 172 752 442 819 889 166 686 354 367 797 220 78 319 311 372 249 286 997 315 649 811 32 764 262 916 599 611 92 669 30 356 849 544 913 555 726 581 417 534 468 763 85 309 995 340 31 697 987 697 364 429 74 973 216 794 772 926 583 935 226 852 717 480 749 696 875 23 206 74 644
988 831 223 18 947 709 695 154 461 803 155 189 493 428 283 261 133 405 260 692 575 314 202 499 992 80 338 631 315 456 495 125 400 33 624 627 338 522 132 24 483 752 883 665 634 38 94 358 453 865 936 465 974 213 62 536 126 906 733 48 896 255 152 702 230 684 921 286 161 116 853 614 623 374 919 655 659 404 411 467 203 864 257 437 514 693 163 551 166 32 430 511 440 296 483 510 773 603 768 890 35 759 650 396 849 483 795 213 111 877 837 642 262 601 84 803 581 312 158 299 232 19 475 749
95 588 786 725 636 97 168 939 582 625 240 409 964 847 597 330 209 922 422 969 759 18 504 428 237 69 89 631 814 374 199 480 212 51 72 347 528 13 87 660 567 741 995 520 349 777 167 659 911 384 81 98 455 809 154 107 279 282 126 899 445 148 221 823 558 191 480 410 0 624 574 683 290 982 673 893 222 535 109 49 377 695 177 715 688 410 169 567 183 651 358 549 766 346 390 94 692 159 8 43 176 3 375 831 199 133 428 461 378 130 309 18 242 457 138 595 368 479 233 995 427 987 528 62
516 984 371 276 321 954 842 879 283 448 849 123 4 302 66 252 242 586 946 279 820 333 639 285 777 684 320 448 162 748 771 219 749 823 587 282 893 690 818 907 593 205 788 719 97 238 787 328 21 141 689 946 421 626 418 161 501 910 366 977 16 978 348 891 356 847 484 956 792 863 902 621 278 594 69 233 72 807 972 577 291 784 496 590 301 285 667 366 706 585 126 502 85 833 441 718 331 311 533 71 141 817 715 344 24 356 589 951 264 723 334 923 937 511 614 190 657 315 700 401 925 90 378 670
672 853 149 907 981 693 226 602 271 541 533 963 681 510 741 86 947 345 568 851 211 542 782 182 686 632 489 538 998 289 921 528 23 953 171 224 711 949 78 653 188 609 21 397 612 823 202 315 865 885 434 146 679 103 290 405 528 527 396 610 608 586 312 586 386 901 654 473 772 315 894 325 165 241 503 395 817 13 676 184 974 666 407 894 742 643 189 891 265 616 437 750 805 808 136 487 419 844 604 284 248 979 232 321 888 505 689 740 601 78 152 231 432 393 822 5 907 883 553 607 716 157 550 390
683 590 259 340 783 513 685 321 274 670 680 603 777 584 683 776 377 496 115 867 607 620 935 427 255 766 742 182 905 54 267 54 175 785 841 179 815 552 746 76 614 805 579 1 462 43 508 147 867 491 335 960 601 547 126 668 441 714 609 181 799 531 573 772 322 727 1000 710 854 185 967 77 607 77 353 810 777 561 577 62 160 38 871 577 194 692 700 272 224 429 827 361 367 925 575 664 264 498 939 300 916 285 505 412 167 402 126 988 764 929 959 293 921 62 806 185 169 749 82 140 204 563 295 146
989 749 509 888 924 927 885 781 223 308 588 737 48 967 841 689 938 55 585 644 388 296 448 448 453 732 621 414 287 46 201 158 46 572 58 897 591 326 292 649 0 620 154 736 107 176 195 205 281 965 833 218 639 159 193 430 771 298 54 590 487 291 285 153 598 872 770 975 661 18 167 596 149 906 742 662 246 186 441 820 459 58 210 214 592 86 661 658 730 223 511 938 654 665 517 879 705 711 108 701 839 811 540 187 776 763 335 328 0 368 59 950 869 589 347 331 267 255 289 587 940 128 775 287
477 337 418 219 839 796 400 694 666 726 730 240 726 370 784 848 216 899 83 474 850 190 59 631 996 329 747 340 213 282 287 34 959 699 267 990 472 685 422 394 791 331 281 713 784 289 587 633 576 116 568 410 746 608 555 939 946 983 253 708 575 273 877 872 466 92 898 465 758 50 546 546 906 879 558 757 209 195 905 923 604 427 62 233 310 705 165 648 393 843 786 203 516 128 764 55 678 667 369 323 847 945 595 189 337 164 683 924 465 142 550 461 399 928 935 351 769 458 410 448 921 814 611 949
209 665 90 877 376 258 561 438 833 534 516 664 719 937 800 494 224 37 461 616 161 726 44 102 348 223 665 594 215 281 752 321 90 876 123 455 182 983 579 83 752 100 384 138 527 956 814 883 629 899 498 993 934 412 274 228 688 945 230 637 68 115 521 834 744 73 48 207 27 434 348 260 111 39 458 549 74 729 177 702 28 391 646 555 65 589 325 929 163 736 796 958 317 462 252 195 18 745 178 586 947 693 286 104 155 599 121 190 513 245 106 22 714 765 808 773 10 605 596 71 92 770 706 441
900 891 775 782 709 697 483 870 815 850 97 949 69 199 414 597 837 715 838 789 715 913 547 471 64 499 569 454 529 863 695 331 596 41 469 901 283 116 583 902 343 212 246 321 983 52 32 927 346 149 631 406 265 316 283 245 830 851 484 70 204 474 153 639 289 507 2 53 742 304 495 294 556 103 748 153 757 808 798 576 447 987 767 473 542 362 624 255 543 987 338 51 116 122 128 204 644 99 538 675 969 943 151 489 846 324 112 570 464 173 716 32 914 943 819 729 724 761 565 221 486 451 682 254
143 496 792 903 484 437 259 334 375 828 347 224 176 161 136 893 383 763 652 86 35 478 849 636 399 866 230 638 44 270 296 936 963 872 970 170 153 558 640 592 789 606 63 803 90 177 641 316 997 42 661 88 0 536 473 57 896 145 662 351 178 749 39 549 395 905 410 8 625 47 174 145 772 303 406 827 230 887 469 288 262 593 654 425 306 809 68 789 747 447 559 246 952 144 740 480 738 365 986 718 921 705 647 624 830 324 135 195 552 819 486 394 606 373 199 43 289 205 294 821 959 206 480 975
738 252 301 779 284 873 225 896 958 341 69 380 201 661 404 372 377 246 316 887 870 460 317 458 125 912 574 547 476 234 435 811 279 827 598 162 745 959 47 439 169 988 5 640 806 213 283 384 602 663 138 742 158 777 89 215 301 330 348 84 985 990 294 5 629 365 316 73 828 471 292 339 357 421 307 90 563 202 972 764 435 838 885 73 255 629 53 688 934 614 86 688 843 250 847 695 676 112 903 357 655 170 925 824 429 431 321 83 804 493 57 930 716 493 251 191 414 701 396 552 452 924 806 544
885 968 9 520 417 327 828 524 349 136 564 748 335 289 946 432 124 65 578 538 64 627 747 602 363 527 171 512 596 906 754 298 943 887 618 422 155 220 584 543 240 357 486 465 395 484 306 823 802 278 903 813 1000 723 846 212 34 491 613 369 0 158 732 263 997 452 635 168 566 14 686 789 600 674 624 427 768 47 878 930 316 77 852 67 84 743 105 123 38 153 82 694 346 85 563 418 30 903 942 826 365 944 938 564 171 38 502 852 923 699 568 565 621 52 105 121 723 134 311 106 252 126 333 619
891 46 828 674 232 650 76 25 907 197 635 898 169 521 630 786 165 434 631 737 140 643 528 888 154 621 800 390 227 935 302 839 257 880 396 401 733 690 173 431 586 974 628 692 15 305 108 576 909 732 815 650 241 667 111 311 461 142 402 606 725 687 51 615 644 968 895 105 399 136 344 270 904 485 789 42 809 219 431 866 138 817 627 644 497 60 501 903 828 389 769 317 977 135 771 240 826 380 239 757 40 744 34 335 199 897 217 508 650 941 542 864 681 663 126 50 482 871 470 468 485 795 774 281
687 886 97 573 414 464 368 724 938 855 608 450 387 649 96 781 844 734 716 74 198 196 129 70 183 998 976 646 29 13 850 658 764 654 267 768 125 783 977 101 578 720 85 533 220 403 369 753 906 37 941 570 932 149 742 370 324 985 99 577 636 976 182 333 61 68 965 809 986 914 313 858 922 646 877 6 291 829 467 510 289 607 803 719 486 678 561 541 835 489 580 493 315 92 983 63 902 548 204 184 389 916 121 949 338 377 784 652 296 551 115 803 924 848 71 186 987 744 3 581 117 286 813 193
653 997 14 596 81 949 982 742 41 595 166 204 996 452 792 753 977 0 586 51 470 276 644 205 983 261 449 946 249 733 579 243 341 593 270 551 336 450 624 625 219 505 765 913 945 844 749 687 707 296 650 871 6 259 70 304 540 894 358 22 47 97 792 38 909 7 28 7 141 873 643 484 836 417 994 561 499 849 893 602 643 568 96 804 874 810 294 577 829 50 687 337 797 233 809 536 194 112 387 241 647 890 940 589 584 113 687 507 389 407 645 1 836 431 4 329 826 260 177 414 386 624 677 403
463 903 586 463 877 792 141 931 4 553 543 453 788 125 230 361 608 43 820 631 119 774 212 589 618 117 707 241 533 782 64 872 274 187 530 641 267 147 170 683 779 765 931 210 84 466 504 610 296 930 355 325 697 175 109 923 683 473 792 842 220 383 405 591 345 80 378 922 193 27 846 37 800 335 910 497 682 896 677 933 864 348 847 487 608 755 313 334 925 798 200 504 976 825 744 72 318 896 846 726 115 765 826 995 310 868 6 517 425 392 204 206 659 435 808 550 202 587 996 495 719 149 152 78
633 724 150 28 514 587 981 502 68 232 528 427 289 669 604 35 936 474 34 973 974 970 615 513 937 19 615 802 383 759 727 510 398 179 984 96 725 759 753 797 927 727 924 196 187 363 478 114 472 350 670 440 836 316 93 672 103 357 857 53 236 913 660 246 786 302 624 585 950 67 47 923 138 821 476 302 132 427 588 648 335 505 369 278 480 483 664 622 570 442 228 449 745 807 341 564 680 950 209 996 394 814 617 757 993 101 936 938 725 248 756 296 931 170 151 559 348 330 934 788 45 807 726 178
907 751 819 303 6 934 166 233 736 209 393 5 879 841 813 230 563 796 457 285 32 531 852 548 88 96 369 626 340 527 901 569 865 908 997 339 328 872 947 661 594 256 436 142 500 119 168 237 396 686 354 667 931 312 533 179 291 871 153 157 575 628 531 142 766 551 498 108 988 805 755 47 324 395 462 470 660 706 559 680 975 384 704 528 548 195 547 581 77 386 534 702 445 415 213 823 964 337 276 347 223 315 354 617 225 122 577 591 475 380 92 479 989 471 950 254 647 605 799 813 187 697 210 143
545 143 569 525 752 35 468 621 790 202 732 264 64 843 806 404 958 934 104 220 129 907 925 60 564 245 156 336 889 29 270 398 982 347 179 770 896 798 603 526 607 15 694 548 819 813 36 638 370 377 14 683 239 500 852 193 475 773 569 339 130 198 194 477 498 777 239 68 635 357 600 227 372 312 70 223 672 669 75 526 141 203 469 316 158 708 346 464 867 855 481 880 329 131 117 422 146 462 909 335 148 94 297 918 623 606 655 713 276 158 651 922 212 181 404 498 198 303 942 984 856 378 359 742
377 136 829 48 819 382 368 148 87 239 925 888 264 686 586 633 230 620 615 923 688 298 777 539 86 236 564 424 608 772 956 377 104 370 245 792 773 266 354 813 574 401 574 194 779 558 498 532 130 32 948 714 453 288 569 679 813 776 528 758 389 149 50 902 552 637 938 855 50 855 356 240 410 569 786 460 691 243 782 360 721 19 813 48 232 367 48 89 45 838 806 256 308 904 648 157 494 587 133 478 58 635 892 864 396 316 490 869 425 241 117 529 14 262 28 446 118 29 243 874 925 449 759 282
309 912 366 594 648 989 714 994 46 47 764 456 11 334 480 904 713 537 736 115 964 615 11 992 249 457 939 802 532 490 668 439 650 529 256 652 201 989 217 500 100 73 269 47 734 484 732 877 598 391 569 125 728 517 626 595 396 638 736 102 216 484 941 424 954 863 188 171 287 319 778 458 616 649 256 538 191 420 614 605 757 752 159 235 674 522 864 469 111 984 202 143 206 540 642 761 154 27 318 926 772 621 242 830 95 721 332 289 542 973 885 997 912 376 748 844 905 831 370 859 578 711 986 750
264 146 222 478 289 94 32 146 464 386 321 142 613 719 128 329 622 819 957 259 886 441 659 959 465 225 448 570 291 727 228 682 564 435 58 434 237 674 268 939 381 221 378 485 877 820 563 883 206 486 634 901 609 933 179 840 342 871 260 977 586 479 94 99 16 861 648 47 184 332 252 132 538 583 434 511 846 947 46 839 74 148 643 990 56 789 680 623 259 310 418 749 163 103 37 622 737 521 410 776 686 379 704 225 365 837 634 908 642 507 73 18 683 829 566 895 835 430 22 638 412 937 395 118
240 277 267 270 50 894 892 899 343 875 364 644 764 669 309 456 432 920 571 911 222 665 912 19 330 818 94 939 936 260 587 355 199 895 19 530 752 777 293 735 653 890 529 747 372 674 916 175 488 556 344 462 90 173 102 123 831 869 69 923 174 697 510 290 200 600 548 547 577 141 470 428 630 713 986 560 768 33 301 444 653 800 366 287 630 724 163 206 401 243 614 507 945 456 136 581 36 516 929 138 737 281 935 893 922 379 75 303 739 573 498 937 877 310 488 668 652 326 564 627 741 87 212 217
266 185 500 658 284 781 935 315 646 134 323 872 486 409 367 864 541 703 869 630 154 438 730 78 439 844 902 775 328 87 579 37 370 117 616 41 886 748 155 17 191 750 930 935 647 596 513 325 641 212 757 533 111 542 987 665 219 989 165 78 543 352 980 413 956 599 96 759 888 50 470 591 467 297 966 892 41 689 128 701 709 538 100 481 687 260 589 763 954 381 999 318 807 535 437 662 929 93 208 928 382 271 986 103 774 793 506 176 878 448 910 406 887 698 495 612 920 654 952 379 281 966 964 519
647 503 529 298 405 709 402 701 830 7 360 26 619 632 73 725 0 380 784 53 261 828 189 625 427 324 978 714 843 591 486 325 898 403 325 561 705 134 726 324 265 338 541 495 982 592 525 567 31 948 964 714 653 442 89 251 132 358 864 370 692 695 911 622 29 805 653 294 885 180 414 549 34 619 705 108 47 564 427 768 965 680 687 331 560 435 491 790 861 586 560 409 145 93 971 388 292 347 157 336 679 562 87 217 378 894 845 395 209 24 948 954 365 3 477 310 747 550 79 364 214 323 571 297
936 982 59 900 835 361 243 924 293 580 763 942 55 482 181 19 67 358 702 786 904 680 353 252 125 647 462 870 901 367 160 960 530 142 221 998 318 185 72 491 670 652 843 428 459 453 19 372 956 538 636 754 560 629 885 894 344 965 105 27 466 791 84 721 604 1000 629 554 305 644 93 607 428 309 917 150 553 92 892 510 888 913 677 382 418 576 401 698 52 592 928 594 561 358 180 105 36 359 108 8 403 837 780 569 660 728 436 411 144 433 617 893 614 213 818 286 136 467 254 527 784 262 441 153
616 636 251 302 182 82 407 97 321 552 97 604 926 934 772 813 346 785 774 703 824 285 765 853 477 727 818 179 599 294 345 590 224 617 916 959 334 469 665 383 608 854 92 339 731 802 419 519 909 880 229 526 947 293 86 29 512 795 19 643 975 385 728 820 760 364 552 863 525 403 879 466 654 556 44 334 317 589 796 729 359 524 402 144 86 844 8 64 682 326 14 577 123 614 69 589 436 99 295 997 727 887 497 242 892 422 516 609 601 196 708 205 595 944 674 740 348 860 407 769 473 256 247 569