1
208
2543 9713 1010 5922 1063 3462 1187 7663 1777 5208 1072 1037 3381 7918 8241 6817 1079
304 167 326 247 696 943 373 822 703 858 405 84 757 616 39 230 349
253 327 281 546 313 408 863 419 544 951 318 177 427 359 787 531 423
436 495 197 168 228 382 347 599 743 445 446 74 790 428 746 644 844
945 488 485 975 430 662 156 678 82 924 434 780 690 651 329 73 844
674 579 695 16 711 292 825 662 333 213 792 723 25 600 600 136 520
707 18 308 644 753 456 883 528 495 590 638 797 203 675 372 334 114
401 83 700 202 461 706 905 642 872 819 256 43 956 692 176 970 540
731 103 628 650 279 760 638 355 849 766 836 321 817 628 819 195 434
885 592 367 197 532 604 605 444 967 367 446 776 615 842 24 696 445
486 532 958 744 731 391 31 287 220 679 832 566 46 670 0 974 667
314 153 563 591 45 352 352 965 400 475 231 993 910 13 741 769 433
260 637 746 24 980 21 90 322 935 253 989 164 416 665 105 249 506
704 525 263 314 273 113 581 795 781 137 173 990 256 655 121 183 899
964 535 714 296 121 149 562 565 208 768 659 59 525 969 50 428 579
542 601 51 354 76 338 786 890 14 689 926 468 156 851 814 772 743
542 633 663 699 805 938 781 50 673 187 282 854 503 303 85 179 560
146 438 615 156 598 378 375 728 876 65 801 569 438 395 894 797 485