1
652
8491 2542 8050 9645 3211 1550 5832 3269 1945 4479 1979 3018 7614 6701 1676 7208 247 6371 2310 5821 2464 6096 1859 2523 2233 3162 9021 8639 5487 4919 845 1642 6017 1673 1708 4576 102 5790 5722 1663 9062 5545 5600 4659
766 343 683 21 453 732 62 719 89 188 893 362 501 477 541 753 364 496 500 184 189 673 167 946 29 943 739 383 66 489 414 398 818 324 663 707 483 36 285 598 475 854 608 992
557 964 12 559 797 581 903 401 695 398 258 249 68 19 517 992 3 469 992 383 18 133 487 669 994 169 409 977 443 619 272 52 920 115 526 116 343 750 577 703 184 801 220 966
996 695 415 289 135 805 266 713 806 758 115 943 593 498 366 29 769 876 46 398 149 165 835 144 296 305 122 535 362 690 809 805 73 43 392 908 225 66 183 537 594 20 523 323
344 538 942 265 258 116 894 171 742 552 11 486 249 330 91 305 126 346 631 130 390 980 95 29 763 827 534 925 417 588 428 627 452 71 564 641 20 206 203 65 386 186 570 171
151 806 842 240 514 257 143 228 602 521 448 330 372 67 963 334 818 432 240 695 579 555 512 503 991 51 906 4 437 183 343 90 928 758 422 795 550 117 447 979 393 260 122 245
875 40 21 617 428 162 438 389 584 655 444 60 135 931 413 729 181 869 544 317 125 581 419 504 397 93 757 978 281 364 7 761 288 141 319 277 181 694 927 126 199 38 603 238
725 164 620 942 572 772 235 788 798 450 110 870 679 291 404 151 815 103 269 888 295 35 902 477 778 520 148 285 145 47 408 288 118 442 169 695 22 629 123 359 353 703 48 208
892 822 306 143 106 324 26 658 981 327 138 767 276 235 767 328 280 233 331 653 182 295 187 2 349 180 768 543 707 192 271 597 785 940 551 188 569 974 409 599 155 564 510 825
241 9 191 210 924 619 756 425 874 562 808 167 828 576 103 976 599 406 560 604 245 434 549 181 441 46 562 790 294 293 144 778 593 381 314 909 795 962 914 826 449 185 388 46
869 703 183 215 72 138 446 882 92 238 357 465 997 436 314 331 278 478 18 613 492 404 39 690 74 431 419 467 200 212 294 987 347 390 644 946 732 291 678 575 338 555 614 448
544 813 304 84 708 815 488 975 722 560 488 577 346 937 733 145 980 470 639 624 802 203 298 769 743 337 15 321 401 997 135 255 483 219 593 461 590 737 497 896 571 581 59 147
122 856 433 782 206 684 755 354 969 650 11 679 44 327 967 841 419 177 525 871 513 4 311 103 860 90 630 331 154 97 841 942 377 509 742 954 862 624 721 860 512 444 826 61
401 678 520 349 407 389 91 465 633 890 15 469 385 459 118 625 623 785 725 581 752 689 466 366 960 164 893 580 238 36 367 957 878 115 414 551 102 659 672 69 609 903 804 511
963 895 985 513 482 687 558 446 21 393 56 905 814 755 314 509 673 820 642 323 365 208 605 503 911 223 539 369 831 176 459 468 323 129 689 386 216 158 933 677 957 566 817 586
831 946 305 132 12 658 241 719 525 361 321 957 166 524 816 972 193 889 574 604 127 896 276 760 931 390 190 700 723 411 161 813 923 600 935 490 382 93 930 148 848 819 280 482
872 207 212 873 418 380 427 940 965 604 644 600 498 681 154 964 687 284 888 174 357 950 488 849 839 932 529 480 855 930 413 674 224 129 82 196 261 242 577 47 359 398 862 470
621 900 660 677 349 541 171 858 908 534 999 294 106 394 34 765 901 823 928 354 825 617 895 985 307 965 796 731 235 103 320 853 771 759 760 334 937 479 508 498 176 997 776 404
839 700 762 917 633 525 516 691 261 468 496 672 440 346 871 137 240 542 525 620 512 276 519 455 343 869 305 591 592 293 552 310 150 484 936 33 738 373 352 553 996 159 322 346
311 25 335 852 427 482 626 566 444 372 484 316 392 684 817 554 88 746 133 902 294 645 100 809 727 279 357 154 421 901 449 753 195 480 676 539 42 896 622 875 729 479 951 10
574 109 414 193 429 721 10 825 717 758 712 652 676 992 934 145 920 377 806 497 873 27 655 886 468 227 629 590 560 664 696 331 311 798 112 708 467 486 424 15 326 608 74 832
431 365 499 786 216 948 434 898 420 292 519 76 344 127 141 471 228 303 244 420 485 347 512 215 35 86 890 696 167 714 343 9 400 94 685 566 292 711 288 342 274 270 526 579
651 191 504 610 526 878 131 908 379 353 327 959 849 672 614 848 217 537 582 765 84 180 402 999 999 705 374 931 108 532 622 887 890 12 971 547 870 442 849 188 945 563 920 837
866 231 606 475 176 746 911 69 756 467 514 618 177 969 346 626 958 485 559 779 167 863 585 683 648 891 160 940 856 987 497 405 871 328 566 604 619 480 887 20 983 900 895 512
544 692 499 574 623 847 307 795 52 220 832 605 877 221 51 128 925 577 385 609 742 630 205 284 578 616 390 163 427 262 433 999 7 327 451 519 471 235 789 495 780 565 44 24
335 477 518 216 160 494 287 47 333 644 983 590 18 177 415 641 257 917 968 947 203 5 463 654 695 782 734 465 45 54 142 45 106 69 774 951 500 369 24 978 384 184 103 882
837 455 865 783 467 531 351 513 374 859 649 296 522 987 825 312 946 315 689 691 363 986 308 634 81 776 1000 515 876 172 726 277 596 414 697 39 144 408 919 81 489 166 27 892
215 453 756 666 508 183 361 108 48 313 831 793 909 759 792 227 879 103 816 920 524 23 46 788 352 425 15 593 181 474 677 333 128 833 439 709 693 702 690 367 670 189 797 983
510 99 565 542 767 574 26 238 575 665 630 260 41 504 473 271 282 270 318 377 915 142 798 118 654 647 110 929 296 380 144 570 754 727 333 541 946 759 23 155 105 453 281 877
401 465 601 572 21 247 317 168 261 710 239 329 212 211 647 640 31 966 824 421 234 365 755 492 647 403 219 411 136 243 478 713 450 173 459 766 829 572 624 303 420 232 919 327
857 850 171 274 73 862 267 420 478 623 602 997 670 625 508 240 150 34 282 440 33 333 854 618 62 618 306 708 940 714 999 859 534 433 203 460 122 824 654 476 411 106 500 100
316 849 799 900 32 95 668 178 31 488 338 183 11 698 72 760 463 265 336 221 594 95 638 752 237 920 382 787 686 633 450 982 508 339 685 668 862 369 661 911 358 551 684 801
632 128 955 962 871 306 591 205 583 118 694 619 982 112 126 42 92 222 836 733 411 199 834 378 649 536 464 67 757 948 938 39 75 639 156 470 669 361 110 625 977 52 763 394
12 146 43 14 350 105 889 840 546 374 334 355 336 482 600 678 532 269 366 552 160 222 470 570 602 791 521 318 182 858 292 597 20 870 242 175 905 982 694 650 204 380 820 949
268 38 765 689 288 152 983 953 902 19 799 994 34 799 666 675 746 761 168 338 257 970 906 813 74 21 241 224 503 839 873 58 249 770 975 440 665 540 282 940 980 440 164 336
575 895 665 312 464 136 332 183 277 708 371 504 902 812 374 955 598 947 90 551 12 919 628 189 127 542 37 174 739 833 229 317 923 225 590 932 10 625 106 557 195 185 786 53
831 201 520 948 467 472 81 903 962 730 970 58 176 781 973 399 253 489 509 372 73 450 793 196 517 809 458 333 161 872 248 820 237 718 280 644 863 820 142 23 163 122 421 614
406 984 561 322 466 702 367 532 326 391 574 324 516 213 200 716 684 282 869 183 694 360 311 193 892 909 376 908 146 490 458 23 914 245 552 732 47 176 550 217 540 919 514 290
737 97 267 628 244 504 242 547 437 599 446 83 166 292 308 305 106 962 203 373 625 709 648 912 332 354 444 565 875 474 675 886 104 930 439 319 683 525 708 809 902 847 364 511
864 360 537 727 168 79 626 403 294 618 828 903 322 413 24 777 787 604 865 602 947 120 670 492 404 113 89 682 922 252 333 6 251 816 820 233 124 649 608 511 446 56 758 32
215 944 115 771 297 959 848 543 520 814 707 973 580 138 958 640 793 377 264 816 367 197 981 381 699 627 83 955 902 683 914 182 877 272 980 324 991 498 190 246 543 99 735 509
211 312 895 913 212 49 447 44 549 416 273 749 74 497 162 440 842 995 720 729 365 934 405 607 221 21 150 330 872 535 995 974 334 183 435 755 339 36 760 188 225 159 489 731
837 895 542 271 949 329 351 802 407 931 622 236 700 168 261 438 85 153 900 631 811 610 658 236 467 50 456 930 330 16 637 952 768 717 296 939 473 861 993 89 661 212 176 428
643 149 539 706 902 397 186 664 538 86 326 659 881 540 437 545 892 619 740 60 785 277 349 318 488 605 785 32 714 195 527 52 357 547 216 291 499 239 971 648 242 885 748 342
473 893 188 27 970 438 773 519 60 623 6 683 841 151 406 630 85 772 716 163 923 518 70 170 720 804 9 77 947 175 182 163 390 972 310 700 453 49 252 759 376 273 953 955