1
89728
9896 2883 1682 965 169 8913 4321 1362 16 6186 1170 3464 9191 1589 1808 5860 8426 9014 9453 8003 5708 278 2350 6681 3022 6513 1411 9567 2523 6209 7679 2640 1476 6914 9211 3634 438 4886 6738 1475 5332 9449 7039 4092 9996 2955 1898 3290 5801 8451 9031 9039 2396 590 3700 9773 6157 855 2303 4875 8480 61 6007 7639 8596 5185 4873 8703 4526 9611
344 676 116 895 795 274 569 652 201 70 2 374 101 729 127 261 588 276 163 979 86 645 710 415 851 379 796 374 961 230 32 842 572 994 264 289 867 527 751 875 247 149 525 981 965 819 599 374 518 997 635 76 349 415 217 105 768 288 565 26 847 638 538 109 334 62 369 596 325 190
467 473 762 304 503 27 410 63 990 206 667 80 111 195 299 948 356 933 757 122 69 476 400 731 517 622 830 937 244 353 534 623 289 855 705 511 659 470 286 631 297 674 262 875 205 623 454 78 679 974 178 313 992 62 990 523 850 394 994 788 828 134 428 198 873 359 303 864 901 563
545 910 549 625 419 107 448 745 435 185 616 565 67 348 200 687 356 510 234 106 706 369 980 74 50 242 835 725 196 97 264 857 183 767 54 837 44 356 761 448 173 336 298 910 196 417 425 553 812 463 597 633 315 611 685 873 750 356 347 420 760 268 701 204 832 84 884 754 930 843
722 715 969 139 143 411 279 503 49 956 511 109 886 989 643 498 848 263 983 627 603 780 311 78 293 550 902 697 660 753 131 109 563 558 430 421 120 666 768 762 378 427 180 184 868 911 187 924 28 542 306 620 555 869 906 609 39 76 700 979 233 403 649 137 379 823 272 490 693 673
52 935 844 862 651 909 537 805 183 369 650 834 324 916 707 415 537 525 330 590 316 790 274 210 953 698 713 386 781 401 879 628 469 141 529 920 63 514 177 5 337 486 318 32 8 311 57 344 674 404 683 401 474 940 677 75 190 738 970 422 83 488 920 921 619 355 178 91 663 185
358 780 32 720 765 597 376 615 893 719 727 876 799 650 939 517 158 365 511 524 473 672 147 36 881 343 513 189 922 164 533 648 409 796 389 689 378 812 342 120 255 60 840 10 504 773 583 357 188 109 741 232 675 438 776 79 315 620 638 110 281 225 597 582 417 448 469 597 465 998
867 600 7 823 102 935 282 506 380 513 0 5 708 889 946 585 350 397 596 669 948 699 701 925 87 680 285 531 336 291 195 772 484 105 709 391 72 683 5 415 617 313 111 212 915 633 45 750 824 781 796 340 607 914 13 948 606 377 412 506 464 472 658 581 362 376 532 551 783 139
203 97 416 778 62 23 338 457 127 396 519 978 333 887 984 567 177 335 63 333 217 561 802 686 331 906 449 958 347 814 940 306 323 450 740 464 154 724 162 261 262 284 597 7 855 284 656 847 336 104 740 215 145 283 30 391 350 526 62 82 579 829 725 561 411 934 657 150 239 736
39 531 384 6 1 376 561 647 200 58 497 896 696 909 927 928 42 896 506 313 356 998 939 439 318 870 962 838 543 360 927 146 833 867 876 657 572 805 144 285 77 887 848 116 888 842 316 946 138 91 450 644 61 962 895 685 313 106 594 219 614 367 586 504 344 513 715 424 193 559
852 704 278 866 704 4 320 395 562 983 153 783 547 253 749 182 676 272 39 730 55 436 454 188 873 554 377 564 65 58 119 324 422 810 471 379 37 829 98 697 463 822 332 885 495 114 826 150 61 575 769 110 806 201 428 327 732 912 150 966 218 80 914 860 411 706 60 723 474 425
906 357 844 973 657 636 176 824 9 570 856 896 244 671 373 734 534 766 865 654 881 572 383 839 979 612 339 427 128 38 502 926 526 262 284 344 50 448 863 748 654 157 89 264 681 746 999 80 80 500 733 318 993 558 895 982 822 39 810 673 493 321 323 27 53 518 655 42 911 582
482 550 419 849 878 315 235 519 786 323 477 746 349 315 588 6 9 454 522 819 654 340 915 945 470 725 954 712 847 840 839 151 89 723 541 856 827 942 537 819 492 635 711 993 484 779 505 324 373 766 736 166 254 990 891 661 927 311 999 443 511 440 909 381 659 528 358 343 568 642
684 57 797 694 343 683 933 511 53 87 759 991 959 990 754 381 593 74 801 174 801 58 585 477 137 408 554 586 51 753 755 639 454 29 504 272 566 803 511 714 485 932 123 234 51 471 316 675 197 905 328 939 812 858 30 782 275 689 796 19 108 743 592 352 627 643 543 174 355 25
325 315 523 930 814 167 925 276 395 754 822 512 193 856 587 946 567 584 17 59 794 782 121 987 250 809 656 185 559 33 787 36 973 380 834 945 39 24 853 818 466 377 258 846 941 411 992 588 200 578 0 735 615 122 52 371 716 291 470 530 792 518 780 797 870 700 552 16 193 72
159 725 497 27 569 232 771 453 730 385 226 593 392 47 716 856 376 798 264 481 732 459 138 858 354 958 660 465 552 767 589 407 799 171 10 852 755 116 541 596 611 96 167 446 976 441 943 830 203 917 398 731 781 339 414 317 840 447 542 534 385 199 874 159 771 751 550 932 24 318
498 283 15 286 365 831 68 212 327 987 483 593 174 583 431 919 562 255 673 408 468 962 72 432 140 286 178 866 419 12 528 511 808 523 166 210 653 899 662 301 499 35 475 439 672 516 966 59 915 797 862 262 418 261 842 963 875 780 231 134 943 773 154 747 234 826 861 662 418 466
487 497 271 250 540 346 727 672 610 3 989 164 990 386 923 820 660 137 689 195 446 396 1000 349 997 928 255 60 732 390 806 549 214 972 847 469 882 893 465 125 61 578 693 815 744 429 740 485 904 420 644 388 179 27 961 16 620 334 208 867 786 155 718 828 721 478 85 562 9 198
504 145 489 518 531 96 916 997 182 34 951 653 867 510 628 362 221 775 267 894 823 975 806 464 610 912 358 947 973 493 806 600 545 668 3 882 723 860 342 235 585 177 388 793 464 808 825 477 729 497 918 589 13 620 944 308 433 345 682 362 412 732 459 920 516 825 923 635 612 255
226 506 304 289 7 912 406 29 910 728 658 780 21 309 291 397 458 158 686 601 720 618 700 103 527 988 370 150 300 594 670 259 83 393 191 943 278 196 785 21 802 896 267 152 443 60 880 668 650 235 631 349 442 460 788 939 350 119 347 373 398 690 552 150 532 753 651 109 200 948
408 658 584 829 513 543 574 966 336 93 925 35 814 394 290 746 488 926 429 377 974 419 152 968 38 769 30 663 374 489 657 848 417 116 852 67 700 80 957 994 401 428 792 743 10 5 913 980 326 994 781 569 5 348 503 855 301 722 609 474 280 651 61 693 135 135 573 425 624 554
399 761 207 196 806 821 80 378 694 986 426 692 791 724 17 950 332 625 433 714 876 758 107 155 241 129 14 282 816 405 577 218 855 468 806 484 154 947 375 643 432 497 830 76 684 879 76 412 991 935 917 481 804 301 350 700 757 183 690 895 697 584 666 727 546 961 110 207 70 77
3 329 924 832 972 29 995 85 801 118 775 818 889 586 680 701 999 178 113 995 657 136 698 959 759 665 370 198 955 49 891 387 894 693 910 955 941 998 892 83 304 121 450 632 614 629 892 973 123 414 553 84 68 942 879 538 742 549 225 991 561 523 55 532 465 127 603 942 215 932
586 153 252 402 253 905 276 241 402 677 759 898 992 824 996 867 606 610 264 357 425 529 810 174 316 445 162 220 420 457 931 671 130 793 67 139 366 487 449 679 12 856 21 581 350 963 637 444 145 149 791 939 752 116 234 644 996 276 451 756 989 809 613 27 682 249 667 176 704 138
362 170 837 504 995 286 223 101 110 827 278 408 749 130 990 173 496 74 52 660 86 185 139 418 443 908 969 514 315 288 595 939 372 303 884 423 308 91 681 956 659 409 684 384 385 911 600 498 910 703 491 241 846 360 175 825 992 46 562 328 976 918 899 141 19 699 944 101 151 683
261 148 917 471 86 31 969 450 987 477 447 801 416 148 999 122 609 944 751 417 604 384 162 965 622 55 705 543 911 41 672 735 445 891 704 3 49 577 996 588 554 402 1000 466 511 521 633 187 421 13 338 351 609 183 945 736 773 166 751 318 519 757 572 59 187 242 230 885 505 998
45 621 914 418 318 567 295 716 332 728 801 711 761 215 397 912 618 728 36 276 133 808 339 979 107 930 912 908 566 233 165 221 192 252 354 254 547 65 128 839 698 853 614 767 211 202 367 771 768 108 364 834 957 621 519 921 497 756 249 705 968 789 642 721 532 375 901 814 542 691
473 742 890 331 728 560 745 10 18 706 531 238 591 139 243 402 309 808 776 937 509 570 816 266 588 918 182 554 785 320 228 1 104 760 291 604 216 580 70 697 956 411 7 410 79 135 877 359 6 880 2 9 0 285 678 4 499 985 286 281 711 641 979 855 634 239 370 98 360 434
81 349 828 801 115 319 873 349 455 735 803 60 732 441 977 280 982 374 975 367 273 982 322 495 558 672 513 744 294 851 382 844 269 359 653 533 797 119 220 955 911 863 674 554 65 895 423 98 809 517 185 467 595 541 738 981 120 907 32 116 577 358 241 910 573 411 23 543 751 632
105 975 355 847 961 309 870 965 742 603 163 194 145 696 197 716 544 310 212 578 587 149 695 47 840 582 265 22 106 721 699 345 457 282 297 620 582 761 28 648 599 98 909 411 440 951 580 724 744 76 564 265 352 385 943 543 548 193 596 6 172 968 917 471 673 659 631 411 28 86
451 400 74 206 93 262 759 607 264 980 868 191 236 852 399 641 375 868 948 923 885 211 332 666 643 94 828 739 172 488 160 685 600 609 246 666 895 879 368 320 264 562 859 743 271 778 111 955 802 980 87 596 425 314 3 949 462 762 265 267 865 941 146 230 901 64 874 860 405 217
636 963 678 953 399 138 40 523 711 843 321 30 227 889 848 24 711 692 924 949 3 578 304 427 998 615 124 486 713 20 581 270 976 153 300 358 846 960 102 127 730 837 321 837 565 590 966 145 82 993 130 798 533 442 481 637 561 478 8 319 672 760 829 593 169 994 10 388 557 579
139 195 331 950 416 414 38 872 982 721 789 959 207 648 286 421 565 560 524 470 841 147 186 541 415 305 103 334 179 581 834 808 20 631 992 677 305 442 260 487 491 415 873 710 36 505 167 253 327 12 413 461 404 748 370 942 997 294 444 770 732 673 448 777 740 900 759 526 176 798
109 366 744 663 949 319 790 569 817 258 722 110 65 67 562 300 543 919 415 807 491 645 821 64 850 263 151 502 49 751 716 493 877 494 643 198 205 135 660 443 287 403 829 3 684 653 143 710 499 809 376 592 119 50 150 88 489 894 89 502 593 561 690 266 592 28 487 582 939 462
600 189 898 975 647 671 48 328 529 284 972 799 29 493 776 29 450 744 24 674 721 793 690 704 358 788 224 186 961 674 280 614 850 537 379 432 302 388 513 686 121 525 696 189 863 387 749 905 735 756 789 459 131 35 275 617 737 862 215 354 406 369 938 182 671 882 465 559 842 731
536 803 83 337 821 398 808 451 166 742 250 720 854 487 798 718 329 546 399 757 214 507 820 388 192 447 84 816 298 779 702 574 147 32 864 820 493 221 925 688 993 828 793 958 763 106 379 365 936 422 937 936 339 999 590 490 695 699 931 861 291 633 709 884 485 678 671 533 805 570
930 400 34 460 713 193 999 48 136 328 753 188 436 732 918 297 494 521 140 978 8 205 265 512 346 131 993 324 529 910 53 470 193 661 935 153 59 80 254 894 510 258 278 537 274 735 483 721 496 101 858 806 676 235 46 451 751 618 957 506 163 108 9 61 211 163 384 702 227 469
691 601 333 838 849 642 110 406 777 234 154 147 956 714 572 265 134 69 187 941 765 34 645 423 382 336 401 842 705 378 576 141 945 718 567 846 905 689 633 404 8 649 214 404 441 721 836 277 33 369 839 526 380 941 272 138 885 459 569 458 57 411 549 544 591 697 352 829 933 816
282 581 334 158 811 181 102 59 889 920 393 993 280 571 604 531 633 412 908 386 914 604 651 570 78 791 678 844 962 895 785 440 263 191 907 806 203 291 93 239 442 302 659 906 477 97 79 65 73 125 311 247 553 639 795 842 596 456 459 578 317 720 891 458 858 952 30 277 103 169
146 254 702 200 895 983 578 166 286 816 757 32 898 22 730 484 168 224 875 782 398 434 473 273 519 516 48 713 538 583 552 757 829 315 425 583 960 682 64 926 14 535 809 879 208 806 608 893 231 937 124 940 427 60 928 91 776 742 902 317 674 903 306 821 551 174 126 560 125 845
134 32 158 991 174 809 989 543 213 384 812 941 903 766 421 753 778 9 76 745 976 479 422 740 718 428 294 271 80 699 871 423 106 234 717 166 556 900 191 88 20 572 313 949 524 561 993 653 306 160 473 414 851 639 441 241 325 681 147 325 377 764 675 16 431 578 996 794 678 159
977 882 364 840 505 684 531 760 693 491 656 974 59 588 662 373 656 403 792 772 771 799 72 657 430 279 474 145 142 881 288 263 711 476 236 132 204 822 284 523 813 906 153 976 298 384 35 717 404 869 435 664 400 110 568 3 29 39 258 845 408 858 159 345 497 808 282 225 802 52
169 414 54 384 518 194 700 137 888 375 760 598 230 414 640 955 964 568 309 975 934 620 619 964 350 207 380 924 540 925 852 74 590 661 387 797 858 488 140 665 627 246 739 728 276 111 139 507 442 572 44 879 304 240 172 654 412 50 347 253 967 339 892 277 184 217 189 124 408 276
71 324 743 631 829 715 859 615 917 694 417 908 280 661 358 778 574 131 451 806 386 75 644 139 626 120 668 175 845 937 854 278 784 163 690 26 990 660 387 406 564 655 850 396 205 76 417 71 900 817 329 535 162 518 45 822 801 221 251 85 675 711 3 247 407 506 741 124 385 513
399 737 248 74 465 788 278 796 250 316 68 142 198 30 78 621 567 391 531 742 169 901 212 774 529 30 647 894 661 19 860 342 880 155 505 324 535 768 366 70 19 745 836 817 703 483 476 270 990 943 980 322 208 35 457 305 552 242 44 144 502 1000 523 120 942 510 915 788 301 951
341 532 275 621 797 709 303 751 172 941 756 607 410 353 117 39 620 390 584 327 248 765 606 287 895 880 823 7 162 860 347 880 750 929 696 303 386 22 691 153 187 544 429 606 191 707 995 453 115 702 261 25 481 802 542 505 499 560 680 828 299 420 958 769 876 858 408 653 347 120
107 410 16 519 760 667 266 2 164 425 831 27 142 115 272 522 696 999 800 215 327 775 895 563 765 760 209 826 134 154 530 170 554 967 829 6 360 81 152 342 712 92 860 534 911 466 789 939 477 254 938 488 968 154 416 397 364 192 448 660 784 532 886 296 321 877 798 205 762 496
206 839 538 259 238 502 903 714 238 76 525 481 852 661 196 634 639 777 167 335 496 566 654 339 412 630 719 446 36 223 886 537 889 825 301 131 739 594 380 327 201 914 295 762 96 134 998 382 177 41 817 860 464 661 170 956 473 53 552 858 130 485 309 447 970 909 154 111 75 57
991 807 564 704 0 167 493 423 542 663 223 9 771 898 935 852 942 532 274 401 444 749 607 595 2 979 323 387 333 796 964 782 510 744 320 921 879 907 69 156 125 242 334 44 980 248 697 484 704 310 330 48 776 693 730 474 586 974 663 362 36 449 266 508 368 238 35 784 188 119
796 77 433 510 112 665 686 640 276 489 582 773 996 588 420 927 440 423 76 574 277 627 14 264 849 359 917 480 851 525 478 672 113 46 543 361 532 727 150 733 347 912 624 289 991 361 804 620 415 124 141 692 291 983 42 104 44 834 896 695 540 859 789 300 671 567 716 517 138 247
660 855 111 650 263 735 83 191 643 871 804 374 105 330 408 245 181 26 868 18 173 670 658 716 713 203 588 728 605 734 52 781 257 527 186 772 329 281 411 649 142 713 167 83 420 527 696 448 723 16 804 379 536 492 392 307 602 244 191 998 458 331 764 103 274 203 190 669 304 930
683 51 536 105 599 749 456 149 271 371 775 731 72 496 162 812 711 57 96 483 15 695 239 458 543 264 332 4 152 846 325 245 918 463 605 208 71 39 709 96 617 541 938 19 306 594 150 579 215 406 329 646 799 782 36 30 291 268 807 245 102 454 657 295 506 433 626 315 356 212
861 567 790 969 366 397 406 482 458 305 346 274 985 656 755 337 65 795 752 395 569 643 751 227 483 774 675 990 429 446 843 639 453 589 689 411 972 578 948 87 966 537 590 800 772 836 35 24 726 793 712 616 573 641 70 75 377 874 226 175 72 759 713 66 950 221 520 638 690 675
713 978 942 650 799 929 893 970 533 151 277 369 328 969 1000 818 183 699 569 621 271 780 695 134 830 98 938 91 123 106 213 263 223 573 577 316 138 766 364 244 342 404 166 430 594 653 320 949 211 972 415 72 557 544 401 857 731 714 191 649 384 345 789 583 940 407 922 243 404 484
437 40 504 57 964 914 816 674 289 4 486 353 456 380 402 754 376 140 219 6 610 853 556 40 419 541 530 131 212 968 175 947 910 671 528 762 897 855 135 254 424 94 13 947 357 198 908 644 771 132 779 452 482 487 938 687 132 240 134 773 811 322 131 295 871 379 131 550 847 55
67 364 999 315 67 708 176 10 599 729 816 174 626 375 18 166 196 996 243 981 364 741 468 440 324 621 371 76 502 39 558 880 433 190 839 373 66 439 625 128 520 475 708 7 656 215 554 271 839 160 559 196 38 765 386 283 848 295 811 603 302 757 488 523 893 934 793 227 963 118
71 899 82 360 725 573 500 791 80 14 682 387 176 785 386 483 836 581 901 904 551 261 869 77 425 948 684 806 203 710 119 517 804 700 273 877 372 4 997 37 508 906 909 98 743 306 434 384 61 892 255 576 773 489 10 965 609 946 145 236 967 113 108 577 440 740 916 731 710 575
190 2 610 486 750 731 136 786 91 70 911 73 55 864 884 921 274 554 403 606 721 402 736 398 499 355 314 791 675 114 554 279 598 851 343 394 805 467 521 118 534 791 145 15 222 598 110 386 881 302 299 317 634 697 451 718 541 496 888 657 791 230 746 518 413 596 790 35 245 708
615 188 877 113 656 970 311 353 172 118 790 310 236 31 742 322 548 364 956 758 7 707 340 28 883 621 832 425 688 907 82 130 363 16 180 516 518 686 453 189 340 544 903 529 16 0 476 903 277 620 669 72 182 874 504 941 646 112 253 584 168 12 169 364 266 824 239 326 933 748
350 913 115 286 593 288 95 37 108 339 120 167 78 427 570 122 776 884 415 184 758 694 277 714 931 53 843 756 790 721 755 770 547 76 815 106 438 34 851 256 953 15 374 91 792 721 460 247 14 518 651 960 161 288 928 874 630 586 109 895 307 523 968 460 426 451 515 489 491 63
255 802 488 326 566 203 620 169 57 813 125 784 43 493 749 956 212 452 638 99 899 987 206 671 737 32 475 822 314 321 7 580 996 180 710 887 39 978 581 165 224 738 381 43 101 33 751 458 617 440 367 683 270 236 374 949 621 56 488 452 70 422 925 108 621 136 979 55 366 295
167 156 685 451 632 200 561 968 602 878 18 659 865 970 103 725 640 526 37 607 102 886 193 69 707 556 805 770 763 942 936 757 75 27 347 468 299 908 710 672 473 943 684 962 752 807 770 785 304 684 591 853 791 353 850 414 702 470 937 218 307 135 633 104 209 458 509 78 175 32
596 396 215 496 534 236 695 527 928 623 139 818 539 259 869 361 967 333 791 987 736 917 494 238 626 538 680 562 596 662 94 192 819 850 413 492 146 729 258 739 259 904 860 440 3 62 752 902 757 368 1000 355 373 861 776 337 111 190 335 512 217 368 998 751 470 671 859 741 756 455
788 3 206 432 916 442 286 857 905 710 988 993 886 735 880 84 183 733 775 328 963 389 106 912 929 818 401 168 551 693 718 993 995 895 232 266 435 830 820 3 157 6 388 876 890 604 941 977 849 270 120 212 294 123 392 833 242 724 546 579 696 914 314 218 432 732 617 806 283 193
955 429 916 759 507 825 718 87 428 167 479 747 677 974 327 763 118 708 394 72 66 337 706 291 683 574 964 319 341 706 529 35 166 358 159 416 914 370 283 159 544 378 356 971 936 466 943 731 723 674 417 688 882 276 730 151 678 798 818 943 997 759 451 705 323 845 237 704 673 181
441 173 471 895 395 971 999 214 549 304 296 906 919 140 995 959 860 140 486 928 272 900 608 954 800 668 742 975 808 303 401 650 254 598 722 507 26 48 404 142 501 138 792 404 873 12 636 817 391 284 478 95 234 235 548 679 1000 770 69 870 368 904 207 574 519 752 731 629 314 462
35 162 827 3 614 467 828 839 57 743 94 723 679 671 660 211 419 49 480 705 139 272 255 680 284 677 977 862 586 176 161 9 6 533 824 784 24 695 645 168 68 826 947 713 712 117 871 840 110 583 610 285 707 901 645 552 257 618 840 477 32 631 782 177 717 295 935 481 472 513
551 824 967 556 128 626 177 728 499 876 268 726 965 964 118 831 288 926 365 249 525 526 941 34 490 993 591 566 133 473 2 854 348 53 605 356 31 474 745 297 15 89 358 121 859 781 175 173 37 479 809 826 395 846 835 997 914 172 340 721 806 991 110 4 413 911 328 843 780 861
531 715 998 467 337 815 281 421 273 601 58 582 608 62 811 63 161 423 313 240 168 534 547 908 415 23 225 139 506 299 443 765 310 639 859 480 658 47 959 419 993 821 882 144 746 77 810 248 491 252 256 405 568 448 215 418 192 61 107 757 323 205 295 280 452 822 58 608 853 255
559 423 303 899 351 294 551 183 905 521 787 990 624 890 321 99 553 628 846 510 686 531 460 708 81 353 510 47 426 345 685 12 222 464 832 138 411 642 317 622 812 444 194 231 928 931 699 56 833 489 694 646 430 444 88 884 757 838 960 401 627 874 469 882 295 684 331 673 584 73
893 40 985 370 723 76 989 714 795 819 741 71 717 723 442 493 464 739 215 173 871 793 168 652 277 33 596 77 474 464 228 430 879 73 289 826 35 456 470 440 927 818 697 824 280 614 604 891 70 950 353 178 500 171 602 150 942 894 150 283 587 505 543 565 435 965 858 186 715 597